timestamp,tgs2600,tgs2603,tgs2611,tgs2602,micsD,micsH,micsA,temp,humi
0,2470,750,207,1912,2001,2610,782,26086,19712
10,2468,746,205,1911,2001,2610,782,26118,19734
20,2468,746,206,1912,2002,2610,783,26110,19700
30,2468,746,207,1912,2001,2610,782,26102,19699
40,2468,746,207,1912,2002,2611,782,26134,19720
50,2468,746,207,1912,2002,2610,783,26110,19708
60,2468,746,207,1912,2002,2611,782,26110,19708
70,2468,746,207,1912,2002,2611,783,26118,19718
80,2468,746,207,1912,2002,2610,783,26110,19708
90,2468,746,207,1912,2002,2610,783,26126,19711
100,2468,746,207,1912,2002,2611,783,26110,19708
110,2468,746,207,1911,2002,2611,783,26126,19727
120,2468,746,207,1911,2002,2611,783,26126,19727
130,2468,746,207,1912,2002,2610,783,26110,19724
140,2468,746,207,1912,2002,2611,783,26094,19705
150,2468,746,207,1911,2002,2610,783,26118,19718
160,2468,746,207,1911,2002,2611,782,26110,19716
170,2468,746,207,1912,2002,2610,783,26110,19708
180,2468,746,207,1912,2002,2610,783,26102,19707
190,2468,746,207,1912,2002,2611,783,26118,19726
200,2468,746,207,1911,2002,2610,783,26126,19719
210,2468,746,207,1912,2002,2610,783,26150,19723
220,2468,746,207,1911,2002,2610,783,26102,19715
230,2468,746,207,1912,2002,2611,783,26118,19718
240,2468,746,207,1911,2002,2611,783,26126,19719
250,2468,746,207,1912,2002,2611,783,26110,19724
260,2468,746,207,1912,2002,2610,783,26118,19726
270,2468,746,207,1912,2002,2611,783,26110,19700
280,2468,746,207,1912,2002,2610,783,26118,19702
290,2468,746,207,1911,2002,2611,783,26118,19694
300,2468,746,207,1911,2002,2610,783,26126,19719
310,2468,746,207,1912,2002,2610,783,26110,19708
320,2468,746,207,1911,2002,2610,783,26134,19728
330,2468,746,207,1912,2002,2610,783,26150,19723
340,2468,746,207,1912,2002,2611,783,26102,19723
350,2468,746,207,1911,2002,2610,783,26126,19703
360,2468,746,207,1911,2002,2611,783,26110,19716
370,2468,746,207,1912,2002,2610,783,26110,19716
380,2468,746,207,1912,2002,2610,782,26102,19707
390,2468,746,207,1912,2002,2611,783,26118,19694
400,2468,746,207,1912,2002,2611,782,26086,19712
410,2468,746,207,1912,2002,2611,783,26102,19699
420,2468,746,207,1912,2002,2611,783,26110,19708
430,2468,746,207,1912,2002,2610,783,26118,19718
440,2468,746,207,1912,2002,2611,783,26150,19731
450,2468,746,207,1911,2002,2611,783,26142,19730
460,2468,746,207,1912,2002,2611,783,26110,19700
470,2468,746,207,1912,2002,2610,783,26134,19712
480,2468,746,207,1912,2002,2611,783,26110,19716
490,2468,746,207,1911,2002,2611,783,26118,19702
500,2468,746,207,1912,2002,2611,783,26102,19707
510,2468,746,207,1912,2002,2611,783,26094,19729
520,2468,746,207,1912,2002,2611,783,26110,19708
530,2468,746,207,1912,2002,2611,783,26118,19710
540,2468,746,207,1912,2002,2611,783,26118,19726
550,2468,746,207,1912,2002,2611,783,26110,19700
560,2468,746,207,1912,2002,2611,783,26102,19715
570,2468,746,207,1912,2002,2611,782,26086,19712
580,2468,746,207,1912,2002,2611,783,26134,19712
590,2468,746,207,1912,2002,2611,783,26158,19733
600,2468,746,207,1912,2002,2611,783,26142,19722
610,2468,746,207,1912,2002,2611,783,26110,19732
620,2468,746,207,1912,2003,2611,783,26118,19694
630,2468,746,207,1912,2002,2611,783,26142,19698
640,2468,746,207,1911,2002,2610,783,26110,19716
650,2468,746,207,1911,2002,2611,782,26126,19727
660,2468,746,207,1911,2002,2611,782,26134,19720
670,2468,746,207,1911,2002,2611,783,26094,19697
680,2468,746,207,1911,2003,2611,783,26150,19699
690,2468,746,207,1912,2002,2611,783,26086,19704
700,2468,746,207,1912,2002,2610,783,26166,19726
710,2468,746,207,1912,2002,2611,783,26110,19700
720,2468,746,207,1911,2003,2611,783,26126,19695
730,2468,746,207,1912,2003,2611,783,26158,19725
740,2468,746,207,1912,2003,2611,783,26118,19702
750,2468,746,207,1912,2003,2611,783,26134,19720
760,2468,746,207,1912,2002,2611,783,26118,19710
770,2468,746,207,1912,2002,2611,783,26142,19714
780,2468,746,207,1912,2003,2611,783,26118,19710
790,2468,746,207,1912,2003,2611,783,26102,19699
800,2468,746,207,1911,2003,2611,783,26118,19702
810,2468,746,207,1912,2003,2611,783,26134,19712
820,2468,746,207,1912,2003,2611,783,26102,19707
830,2468,746,207,1911,2003,2611,783,26118,19702
840,2468,746,207,1912,2002,2611,782,26118,19718
850,2468,746,207,1912,2003,2611,783,26118,19702
860,2468,746,207,1911,2003,2611,783,26110,19692
870,2468,746,207,1911,2003,2611,783,26110,19716
880,2468,746,207,1911,2003,2611,783,26118,19718
890,2468,746,207,1911,2003,2611,783,26118,19718
900,2468,746,207,1911,2003,2611,783,26118,19702
910,2468,746,207,1911,2003,2611,783,26126,19751
920,2468,746,207,1911,2003,2611,783,26110,19708
930,2468,746,207,1911,2003,2611,783,26118,19702
940,2468,746,207,1911,2003,2610,783,26142,19714
950,2469,746,207,1911,2003,2611,783,26110,19724
960,2468,746,207,1911,2003,2611,783,26110,19708
970,2468,746,207,1911,2003,2611,783,26126,19711
980,2468,746,207,1911,2003,2611,783,26134,19704
990,2469,746,207,1911,2003,2611,783,26134,19704
1000,2468,746,207,1911,2003,2611,783,26102,19723
1010,2468,746,207,1911,2003,2611,783,26102,19707
1020,2468,746,207,1911,2003,2611,783,26110,19716
1030,2468,746,207,1911,2003,2611,783,26094,19697
1040,2468,746,207,1911,2003,2611,783,26134,19712
1050,2468,746,207,1911,2003,2611,783,26110,19716
1060,2468,746,207,1911,2003,2611,783,26134,19712
1070,2469,746,207,1911,2003,2611,783,26126,19719
1080,2468,746,207,1911,2003,2611,783,26102,19715
1090,2469,746,207,1911,2003,2611,783,26118,19710
1100,2468,746,207,1911,2003,2611,783,26134,19712
1110,2468,746,207,1911,2003,2611,783,26110,19716
1120,2468,746,207,1911,2003,2611,783,26126,19687
1130,2468,746,207,1911,2003,2611,783,26134,19704
1140,2468,746,207,1911,2003,2611,783,26118,19710
1150,2468,746,207,1911,2003,2611,783,26118,19702
1160,2468,746,207,1911,2003,2611,783,26126,19719
1170,2469,746,207,1911,2003,2611,783,26158,19701
1180,2468,746,207,1911,2003,2611,783,26110,19700
1190,2468,746,207,1911,2003,2611,783,26118,19726
1200,2469,746,207,1911,2003,2611,783,26110,19708
1210,2469,746,207,1911,2003,2611,783,26142,19714
1220,2469,746,207,1911,2003,2611,783,26134,19712
1230,2468,746,207,1912,2003,2611,783,26102,19699
1240,2469,746,207,1911,2003,2611,783,26118,19702
1250,2468,746,207,1911,2003,2611,783,26102,19723
1260,2469,746,207,1912,2003,2611,783,26126,19711
1270,2468,746,207,1912,2003,2611,783,26118,19726
1280,2468,746,207,1912,2003,2611,783,26118,19718
1290,2468,746,207,1911,2003,2611,783,26126,19719
1300,2468,746,207,1911,2003,2611,783,26110,19708
1310,2468,746,207,1911,2003,2611,783,26134,19696
1320,2469,746,207,1911,2003,2611,783,26110,19684
1330,2468,746,207,1911,2003,2611,783,26118,19726
1340,2468,746,207,1911,2003,2611,783,26118,19710
1350,2469,746,207,1911,2003,2611,783,26118,19726
1360,2469,746,207,1911,2003,2611,783,26126,19711
1370,2469,746,207,1911,2003,2611,782,26134,19728
1380,2469,746,207,1911,2003,2611,783,26102,19739
1390,2469,746,207,1911,2003,2611,783,26118,19702
1400,2468,746,207,1911,2003,2611,783,26110,19684
1410,2469,746,207,1911,2003,2611,783,26126,19719
1420,2468,746,207,1911,2004,2611,783,26126,19711
1430,2468,746,207,1911,2003,2611,783,26126,19703
1440,2469,746,207,1911,2003,2611,783,26150,19731
1450,2469,746,207,1911,2003,2611,783,26110,19708
1460,2469,746,207,1911,2003,2611,783,26126,19711
1470,2469,746,207,1911,2003,2611,783,26126,19703
1480,2469,746,207,1911,2003,2611,783,26142,19722
1490,2469,746,207,1911,2003,2611,783,26150,19707
1500,2469,746,207,1911,2004,2611,783,26118,19694
1510,2469,746,207,1911,2003,2611,783,26118,19726
1520,2468,746,207,1911,2003,2611,783,26118,19710
1530,2469,746,207,1911,2004,2611,783,26134,19704
1540,2469,746,207,1911,2003,2611,783,26134,19712
1550,2469,746,207,1911,2003,2611,783,26126,19687
1560,2469,746,207,1911,2004,2611,783,26110,19708
1570,2469,746,207,1911,2004,2611,783,26118,19686
1580,2469,746,207,1911,2004,2611,783,26126,19703
1590,2469,746,207,1911,2003,2611,783,26102,19691
1600,2469,746,207,1911,2004,2611,783,26134,19712
1610,2469,746,207,1911,2004,2611,783,26142,19722
1620,2469,746,207,1911,2004,2611,783,26118,19710
1630,2469,746,207,1911,2004,2611,783,26102,19707
1640,2469,746,207,1911,2004,2611,783,26134,19696
1650,2469,746,207,1911,2004,2611,783,26134,19720
1660,2469,746,207,1911,2004,2611,783,26110,19724
1670,2469,746,207,1911,2004,2611,783,26102,19683
1680,2469,746,207,1911,2004,2611,783,26142,19690
1690,2469,746,207,1911,2004,2611,783,26142,19722
1700,2469,746,207,1911,2004,2611,783,26118,19694
1710,2469,746,207,1911,2004,2611,783,26094,19689
1720,2469,746,207,1911,2004,2611,783,26118,19718
1730,2469,746,207,1911,2004,2611,783,26134,19728
1740,2469,746,207,1911,2004,2611,783,26110,19700
1750,2469,746,207,1911,2004,2611,783,26094,19705
1760,2469,746,207,1911,2004,2611,783,26126,19687
1770,2469,746,207,1911,2004,2611,783,26126,19711
1780,2469,746,207,1911,2004,2611,783,26118,19694
1790,2469,746,207,1911,2004,2611,783,26118,19694
1800,2469,746,207,1911,2004,2611,783,26118,19718
1810,2469,746,207,1911,2004,2611,783,26118,19694
1820,2469,746,207,1911,2004,2611,783,26126,19703
1830,2469,746,207,1911,2004,2611,783,26134,19704
1840,2469,746,207,1911,2004,2611,783,26134,19704
1850,2469,746,207,1911,2004,2611,783,26126,19703
1860,2469,746,207,1911,2004,2611,783,26118,19686
1870,2469,746,207,1911,2004,2611,783,26118,19718
1880,2469,746,207,1911,2004,2611,783,26134,19688
1890,2469,746,207,1911,2004,2611,783,26134,19696
1900,2469,746,207,1911,2004,2611,783,26134,19720
1910,2469,746,207,1911,2004,2611,783,26142,19714
1920,2469,746,207,1911,2004,2611,783,26142,19698
1930,2469,746,207,1911,2004,2611,783,26118,19710
1940,2469,746,207,1911,2004,2611,783,26118,19718
1950,2469,746,207,1911,2004,2611,783,26126,19695
1960,2469,746,207,1911,2004,2611,783,26110,19708
1970,2469,746,207,1912,2004,2611,783,26134,19680
1980,2469,746,207,1911,2004,2611,783,26126,19695
1990,2469,747,207,1911,2005,2612,783,26126,19719
2000,2469,746,207,1911,2003,2610,783,26118,19718
2010,2469,746,207,1911,2002,2610,782,26134,19712
2020,2469,746,207,1911,2002,2610,782,26118,19678
2030,2469,746,207,1911,2001,2610,781,26150,19731
2040,2469,746,207,1911,2001,2610,781,26118,19750
2050,2469,746,207,1912,2001,2609,781,26134,19720
2060,2469,747,207,1911,2001,2609,781,26126,19719
2070,2469,746,207,1911,2001,2609,781,26118,19718
2080,2469,746,207,1912,2001,2609,781,26134,19704
2090,2469,746,207,1912,2001,2609,781,26110,19700
2100,2469,746,207,1912,2001,2609,781,26110,19692
2110,2469,746,207,1912,2001,2609,781,26134,19688
2120,2469,746,207,1911,2001,2609,781,26126,19695
2130,2469,746,207,1911,2001,2609,781,26110,19676
2140,2469,746,207,1912,2001,2609,781,26142,19698
2150,2469,746,207,1912,2001,2609,781,26134,19720
2160,2469,746,207,1911,2001,2610,781,26134,19728
2170,2469,746,207,1911,2001,2610,781,26126,19695
2180,2468,746,207,1911,2001,2609,781,26110,19708
2190,2465,746,207,1912,2001,2609,781,26142,19706
2200,2462,746,207,1912,2001,2610,781,26110,19700
2210,2460,746,207,1911,2002,2610,781,26110,19684
2220,2459,746,207,1911,2002,2610,781,26134,19720
2230,2458,746,207,1911,2001,2610,785,26142,19706
2240,2458,746,207,1912,2000,2612,788,26126,19711
2250,2457,746,207,1912,2001,2612,787,26134,19696
2260,2458,746,207,1911,2001,2612,788,26118,19694
2270,2458,746,207,1912,2001,2612,786,26126,19695
2280,2458,746,207,1912,2000,2611,785,26126,19711
2290,2458,746,207,1912,2000,2612,785,26102,19683
2300,2458,746,207,1912,2000,2612,785,26118,19694
2310,2458,746,207,1912,2000,2613,786,26134,19712
2320,2458,746,207,1911,2001,2613,786,26150,19691
2330,2458,746,207,1912,2001,2613,785,26126,19687
2340,2458,746,207,1912,2000,2613,784,26126,19671
2350,2458,746,207,1912,2000,2612,785,26118,19694
2360,2459,746,207,1911,2001,2611,785,26126,19671
2370,2459,746,207,1912,2001,2611,784,26102,19683
2380,2459,746,207,1912,2003,2612,784,26118,19678
2390,2459,746,207,1912,2003,2611,784,26118,19678
2400,2459,746,207,1911,2003,2611,784,26142,19674
2410,2459,746,207,1911,2002,2611,783,26142,19690
2420,2460,746,207,1911,2002,2611,783,26118,19678
2430,2460,746,207,1911,2002,2611,783,26126,19671
2440,2460,746,207,1912,2002,2611,783,26126,19671
2450,2460,746,207,1912,2003,2611,783,26174,19688
2460,2460,746,207,1912,2003,2611,783,26142,19690
2470,2460,746,207,1911,2003,2611,783,26158,19677
2480,2460,746,207,1912,2003,2611,784,26102,19675
2490,2460,746,207,1912,2003,2611,784,26126,19695
2500,2460,746,207,1911,2003,2611,784,26118,19694
2510,2460,746,207,1911,2003,2611,784,26142,19690
2520,2460,746,207,1912,2003,2611,784,26118,19686
2530,2460,746,207,1911,2004,2611,784,26118,19662
2540,2460,746,207,1912,2004,2611,783,26142,19706
2550,2460,746,207,1911,2004,2611,783,26150,19699
2560,2460,746,207,1911,2005,2611,784,26118,19654
2570,2460,746,207,1911,2004,2611,784,26134,19656
2580,2460,746,207,1911,2004,2611,784,26126,19663
2590,2460,746,207,1911,2005,2611,784,26118,19662
2600,2461,746,207,1911,2004,2611,784,26118,19662
2610,2461,746,207,1911,2003,2611,784,26110,19676
2620,2460,746,207,1911,2004,2611,785,26110,19676
2630,2460,746,207,1911,2004,2610,784,26118,19678
2640,2461,746,207,1911,2004,2611,784,26110,19676
2650,2461,746,207,1910,2004,2611,784,26094,19673
2660,2461,746,207,1910,2004,2611,784,26126,19671
2670,2461,746,207,1910,2005,2611,784,26134,19672
2680,2461,746,207,1910,2005,2611,784,26150,19675
2690,2461,746,207,1910,2005,2611,784,26158,19669
2700,2461,746,207,1910,2004,2611,783,26150,19683
2710,2461,746,207,1910,2004,2611,783,26118,19662
2720,2461,746,207,1910,2004,2611,783,26110,19676
2730,2461,746,207,1910,2004,2610,783,26142,19650
2740,2461,746,207,1910,2004,2610,784,26134,19648
2750,2461,746,207,1910,2004,2610,783,26150,19675
2760,2461,746,207,1910,2004,2611,783,26126,19679
2770,2461,746,207,1910,2004,2610,783,26126,19687
2780,2462,746,207,1909,2004,2610,783,26118,19678
2790,2462,746,207,1910,2004,2610,783,26142,19682
2800,2462,746,207,1910,2004,2610,783,26118,19638
2810,2462,746,207,1910,2004,2610,783,26126,19679
2820,2462,746,207,1910,2005,2611,783,26126,19663
2830,2462,746,207,1909,2005,2612,784,26150,19667
2840,2462,746,207,1910,2006,2612,784,26134,19672
2850,2462,746,207,1910,2006,2612,784,26110,19668
2860,2462,746,207,1910,2007,2612,784,26142,19658
2870,2462,746,207,1910,2007,2612,784,26150,19659
2880,2462,746,207,1910,2007,2612,784,26134,19648
2890,2462,746,207,1910,2007,2612,784,26150,19651
2900,2462,746,207,1910,2007,2612,784,26110,19668
2910,2462,746,207,1910,2007,2612,784,26134,19656
2920,2462,746,207,1910,2007,2612,784,26102,19643
2930,2462,746,207,1910,2007,2611,784,26142,19666
2940,2462,746,207,1910,2007,2612,784,26118,19662
2950,2462,746,207,1910,2007,2611,784,26118,19646
2960,2462,746,207,1910,2007,2611,784,26126,19671
2970,2462,746,207,1910,2007,2611,784,26118,19670
2980,2463,746,207,1910,2007,2611,784,26110,19660
2990,2463,745,207,1909,2007,2611,784,26118,19654
3000,2462,746,207,1910,2007,2611,784,26126,19647
3010,2463,746,207,1910,2007,2611,784,26126,19655
3020,2463,746,207,1910,2007,2611,784,26134,19656
3030,2463,746,207,1910,2007,2611,784,26142,19666
3040,2462,746,207,1910,2007,2611,784,26134,19656
3050,2462,746,207,1910,2007,2611,784,26134,19664
3060,2463,746,207,1910,2007,2611,784,26118,19654
3070,2463,746,207,1910,2007,2611,784,26126,19663
3080,2463,746,207,1910,2007,2611,784,26110,19652
3090,2464,746,207,1910,2007,2611,784,26110,19636
3100,2464,746,207,1910,2007,2611,784,26150,19651
3110,2464,746,207,1910,2007,2611,784,26142,19666
3120,2463,746,207,1910,2007,2611,784,26126,19655
3130,2464,746,207,1910,2008,2611,784,26094,19633
3140,2464,746,207,1910,2007,2611,784,26102,19627
3150,2464,746,207,1910,2007,2611,784,26118,19654
3160,2464,746,207,1910,2008,2610,784,26118,19662
3170,2464,746,207,1910,2007,2610,784,26110,19644
3180,2464,746,207,1910,2007,2611,784,26134,19648
3190,2464,746,207,1910,2007,2610,784,26126,19631
3200,2464,746,207,1910,2008,2610,784,26126,19671
3210,2464,746,207,1910,2007,2610,784,26126,19663
3220,2464,746,207,1910,2007,2610,784,26126,19655
3230,2464,746,207,1910,2007,2610,784,26150,19659
3240,2464,746,207,1910,2007,2610,784,26118,19638
3250,2464,746,207,1910,2007,2610,784,26134,19656
3260,2464,746,207,1910,2007,2610,784,26142,19642
3270,2464,746,207,1910,2007,2610,784,26126,19647
3280,2464,746,207,1910,2007,2610,784,26142,19642
3290,2464,746,207,1910,2007,2610,784,26142,19658
3300,2464,746,207,1910,2008,2610,784,26126,19647
3310,2464,746,207,1910,2007,2610,784,26102,19651
3320,2464,746,207,1910,2007,2610,784,26142,19658
3330,2464,746,207,1910,2007,2610,784,26118,19638
3340,2464,746,207,1910,2007,2610,784,26134,19648
3350,2464,746,207,1910,2007,2610,784,26126,19663
3360,2464,746,207,1910,2008,2610,784,26134,19656
3370,2464,746,207,1911,2007,2610,784,26142,19642
3380,2464,746,207,1911,2007,2610,784,26102,19651
3390,2464,746,207,1910,2007,2610,784,26150,19643
3400,2464,746,207,1910,2007,2609,784,26126,19639
3410,2464,746,207,1910,2007,2610,784,26126,19639
3420,2465,746,207,1910,2007,2610,784,26110,19652
3430,2464,746,207,1910,2007,2609,784,26134,19640
3440,2464,746,207,1910,2007,2609,784,26126,19639
3450,2464,746,207,1910,2007,2609,784,26118,19630
3460,2464,746,207,1911,2007,2609,784,26134,19632
3470,2464,746,207,1911,2007,2609,784,26150,19619
3480,2465,746,207,1911,2007,2609,784,26158,19653
3490,2464,746,207,1910,2007,2609,784,26134,19648
3500,2465,746,207,1910,2007,2609,784,26126,19623
3510,2465,746,207,1910,2007,2609,784,26134,19640
3520,2465,746,207,1910,2007,2609,784,26150,19635
3530,2465,746,207,1910,2007,2609,784,26150,19651
3540,2465,746,207,1911,2007,2609,784,26118,19630
3550,2465,746,207,1910,2007,2609,784,26134,19632
3560,2465,746,207,1910,2007,2609,784,26126,19647
3570,2465,746,207,1910,2007,2609,784,26142,19634
3580,2465,746,207,1911,2007,2609,784,26134,19640
3590,2465,746,207,1910,2007,2609,784,26134,19640
3600,2465,746,207,1910,2007,2609,784,26134,19664
3610,2465,746,207,1910,2007,2609,784,26142,19626
3620,2465,746,207,1910,2007,2609,784,26134,19632
3630,2465,746,207,1911,2007,2609,784,26142,19618
3640,2465,746,207,1910,2007,2609,784,26126,19623
3650,2465,746,207,1910,2007,2609,784,26126,19623
3660,2465,746,207,1910,2007,2609,784,26102,19627
3670,2465,746,207,1911,2007,2609,784,26118,19622
3680,2465,746,207,1910,2007,2609,784,26110,19636
3690,2465,746,207,1910,2007,2608,784,26150,19643
3700,2465,746,207,1910,2007,2609,784,26126,19615
3710,2466,746,207,1910,2007,2608,784,26126,19615
3720,2466,746,207,1911,2007,2608,784,26126,19615
3730,2466,746,207,1910,2007,2608,784,26118,19638
3740,2466,746,207,1910,2007,2608,784,26150,19635
3750,2466,746,207,1910,2007,2608,784,26102,19627
3760,2466,746,207,1910,2007,2608,784,26126,19623
3770,2466,746,207,1910,2007,2608,784,26142,19634
3780,2466,746,207,1910,2007,2608,784,26102,19635
3790,2466,746,207,1910,2007,2608,784,26110,19596
3800,2466,746,207,1910,2007,2608,784,26110,19636
3810,2466,746,207,1910,2007,2608,783,26126,19631
3820,2466,746,207,1910,2007,2608,783,26110,19588
3830,2466,746,207,1910,2007,2608,784,26134,19608
3840,2466,746,207,1910,2007,2608,784,26102,19627
3850,2466,746,207,1910,2007,2608,784,26142,19634
3860,2466,746,207,1910,2007,2608,784,26126,19615
3870,2466,746,207,1911,2007,2608,784,26118,19622
3880,2466,746,207,1910,2007,2608,784,26134,19624
3890,2466,746,207,1910,2007,2608,784,26134,19624
3900,2466,746,207,1910,2007,2608,783,26150,19603
3910,2466,746,207,1911,2007,2608,783,26126,19615
3920,2466,746,207,1910,2007,2608,783,26110,19604
3930,2466,746,207,1910,2007,2608,784,26142,19626
3940,2466,746,207,1910,2007,2608,783,26150,19611
3950,2466,746,207,1910,2007,2608,783,26110,19620
3960,2466,746,207,1911,2007,2608,783,26094,19625
3970,2466,746,207,1910,2007,2608,784,26166,19630
3980,2466,746,207,1910,2007,2608,783,26102,19619
3990,2466,745,207,1910,2007,2608,784,26126,19639
4000,2466,746,207,1911,2007,2608,783,26126,19631
4010,2466,746,207,1911,2007,2608,783,26118,19630
4020,2466,746,207,1911,2007,2608,783,26118,19638
4030,2466,746,207,1911,2007,2608,783,26110,19604
4040,2466,746,207,1910,2007,2608,783,26126,19623
4050,2466,746,207,1910,2007,2608,783,26118,19606
4060,2466,746,207,1910,2007,2608,783,26102,19611
4070,2466,746,207,1911,2007,2608,783,26150,19627
4080,2467,746,207,1911,2007,2608,783,26158,19605
4090,2467,746,207,1911,2007,2608,783,26166,19622
4100,2466,746,207,1911,2007,2608,783,26102,19587
4110,2466,746,207,1911,2007,2608,783,26142,19634
4120,2466,746,207,1911,2007,2608,783,26134,19616
4130,2467,746,207,1911,2007,2607,783,26142,19626
4140,2467,746,207,1910,2007,2608,783,26102,19611
4150,2467,746,207,1911,2007,2608,783,26134,19592
4160,2467,746,207,1911,2007,2607,783,26134,19624
4170,2467,746,207,1911,2007,2607,783,26118,19622
4180,2467,746,207,1911,2007,2607,783,26166,19614
4190,2467,746,207,1911,2007,2608,783,26118,19606
4200,2467,746,207,1911,2007,2608,783,26142,19618
4210,2467,746,207,1911,2007,2607,783,26158,19589
4220,2467,746,207,1911,2007,2607,783,26118,19598
4230,2467,746,207,1911,2007,2607,783,26126,19623
4240,2468,746,207,1911,2007,2607,783,26134,19584
4250,2468,746,207,1911,2007,2608,783,26142,19586
4260,2468,746,207,1911,2007,2607,783,26094,19609
4270,2468,746,207,1911,2007,2608,783,26126,19615
4280,2468,746,207,1911,2007,2607,783,26150,19619
4290,2468,746,207,1911,2007,2607,783,26150,19603
4300,2468,746,207,1911,2007,2607,783,26118,19598
4310,2468,746,207,1911,2007,2607,783,26150,19595
4320,2468,746,207,1911,2007,2607,783,26126,19599
4330,2468,746,207,1911,2007,2607,783,26158,19605
4340,2468,746,207,1911,2007,2607,783,26118,19590
4350,2468,746,207,1911,2007,2607,783,26110,19604
4360,2468,746,207,1911,2007,2607,783,26118,19614
4370,2468,746,207,1911,2007,2607,783,26126,19591
4380,2468,746,207,1911,2007,2607,783,26110,19588
4390,2468,746,207,1911,2007,2607,783,26134,19608
4400,2468,746,207,1911,2007,2607,783,26126,19599
4410,2468,746,207,1911,2007,2607,783,26110,19588
4420,2468,746,207,1911,2007,2607,783,26118,19598
4430,2468,746,207,1911,2007,2607,783,26174,19632
4440,2468,746,207,1911,2007,2607,783,26134,19584
4450,2468,746,207,1911,2007,2607,783,26110,19596
4460,2468,746,207,1910,2007,2607,783,26166,19598
4470,2468,746,207,1911,2007,2607,783,26158,19597
4480,2468,746,207,1911,2007,2607,783,26118,19590
4490,2468,746,207,1911,2007,2607,783,26118,19598
4500,2468,746,207,1911,2007,2607,783,26150,19595
4510,2468,746,207,1911,2007,2607,783,26134,19600
4520,2468,746,207,1911,2007,2607,783,26126,19591
4530,2468,746,207,1911,2006,2607,783,26134,19600
4540,2468,746,207,1911,2006,2607,783,26118,19582
4550,2468,746,207,1911,2007,2607,783,26110,19580
4560,2468,746,207,1911,2007,2607,783,26094,19577
4570,2468,746,207,1911,2006,2607,783,26126,19607
4580,2468,746,207,1910,2006,2607,783,26102,19603
4590,2468,746,207,1911,2006,2607,783,26150,19611
4600,2468,746,207,1911,2006,2607,783,26142,19602
4610,2468,746,207,1911,2006,2607,783,26150,19587
4620,2468,746,207,1911,2006,2607,783,26118,19582
4630,2468,746,207,1911,2006,2607,783,26110,19580
4640,2468,746,207,1911,2006,2607,783,26134,19592
4650,2468,746,207,1911,2006,2607,783,26110,19580
4660,2468,746,207,1911,2006,2607,783,26126,19575
4670,2468,746,207,1911,2006,2607,783,26110,19588
4680,2468,746,207,1910,2007,2607,783,26150,19595
4690,2469,746,207,1911,2006,2607,783,26126,19575
4700,2469,746,207,1911,2006,2607,783,26110,19588
4710,2468,746,207,1911,2006,2606,783,26134,19584
4720,2469,746,207,1911,2006,2607,783,26134,19576
4730,2469,746,207,1911,2006,2607,783,26134,19568
4740,2469,746,207,1911,2006,2607,783,26110,19580
4750,2469,746,207,1911,2006,2606,783,26118,19582
4760,2469,746,207,1911,2006,2607,783,26142,19602
4770,2469,746,207,1911,2006,2607,783,26158,19565
4780,2469,746,207,1911,2006,2607,783,26134,19584
4790,2469,746,207,1911,2006,2606,783,26118,19598
4800,2469,746,207,1911,2006,2607,783,26126,19575
4810,2469,746,207,1911,2006,2606,783,26166,19590
4820,2469,746,207,1911,2006,2606,783,26150,19563
4830,2469,746,207,1911,2006,2607,782,26102,19571
4840,2469,746,207,1911,2006,2607,783,26150,19579
4850,2469,746,207,1911,2006,2606,782,26126,19591
4860,2469,746,207,1911,2006,2606,782,26118,19574
4870,2469,746,207,1911,2006,2606,782,26142,19618
4880,2469,746,207,1911,2006,2606,783,26126,19591
4890,2469,746,207,1911,2006,2607,782,26134,19560
4900,2469,746,207,1911,2006,2606,782,26126,19591
4910,2469,746,207,1911,2006,2606,782,26150,19571
4920,2470,746,207,1911,2006,2606,782,26134,19576
4930,2469,746,207,1911,2006,2606,782,26150,19595
4940,2469,746,207,1911,2006,2606,782,26150,19595
4950,2469,746,207,1911,2006,2606,782,26142,19594
4960,2470,746,207,1911,2006,2606,782,26126,19591
4970,2470,746,207,1911,2006,2606,782,26142,19570
4980,2469,746,207,1912,2006,2606,782,26126,19591
4990,2470,746,207,1911,2006,2606,782,26118,19590
5000,2470,746,207,1911,2006,2606,782,26142,19586
5010,2469,746,207,1911,2006,2606,782,26118,19590
5020,2470,746,207,1911,2006,2606,782,26142,19578
5030,2470,746,207,1911,2006,2606,782,26126,19567
5040,2469,746,207,1911,2006,2606,782,26150,19563
5050,2470,746,207,1911,2006,2606,782,26118,19598
5060,2470,746,207,1911,2006,2606,782,26126,19599
5070,2470,746,207,1911,2006,2606,782,26118,19574
5080,2470,746,207,1912,2006,2606,782,26134,19584
5090,2470,746,207,1911,2006,2606,782,26118,19574
5100,2470,746,207,1911,2006,2606,782,26126,19575
5110,2470,746,207,1911,2006,2606,782,26126,19567
5120,2470,746,207,1911,2006,2606,782,26150,19579
5130,2470,746,207,1911,2006,2606,782,26142,19586
5140,2470,746,207,1911,2006,2606,782,26126,19599
5150,2470,746,207,1911,2006,2606,782,26142,19594
5160,2470,746,207,1911,2006,2606,782,26134,19576
5170,2470,746,207,1911,2006,2606,782,26134,19560
5180,2470,746,207,1911,2006,2606,782,26118,19574
5190,2470,746,207,1911,2006,2606,782,26134,19576
5200,2470,746,207,1911,2006,2606,782,26150,19595
5210,2470,746,207,1911,2006,2606,782,26142,19578
5220,2470,746,207,1911,2006,2606,782,26110,19580
5230,2470,746,207,1911,2006,2606,782,26134,19576
5240,2470,746,207,1911,2006,2606,782,26110,19548
5250,2470,746,207,1911,2006,2606,782,26134,19600
5260,2470,746,207,1911,2006,2606,782,26126,19583
5270,2470,746,207,1911,2006,2606,782,26134,19568
5280,2470,746,207,1911,2006,2606,782,26110,19580
5290,2470,746,207,1911,2006,2606,782,26118,19582
5300,2470,746,207,1911,2006,2606,782,26150,19603
5310,2470,746,207,1911,2006,2606,782,26134,19568
5320,2470,746,207,1911,2006,2606,782,26110,19588
5330,2470,746,207,1911,2006,2606,782,26166,19598
5340,2470,746,207,1911,2006,2606,782,26134,19568
5350,2471,746,207,1911,2005,2606,782,26134,19584
5360,2470,746,207,1911,2005,2606,782,26142,19594
5370,2470,746,207,1911,2005,2606,782,26134,19576
5380,2471,746,207,1911,2005,2606,782,26118,19574
5390,2470,746,207,1911,2005,2606,782,26150,19547
5400,2471,746,207,1911,2005,2606,782,26110,19564
5410,2470,746,207,1911,2005,2606,782,26134,19560
5420,2470,746,207,1911,2005,2605,782,26142,19562
5430,2470,746,207,1911,2005,2606,782,26118,19574
5440,2471,746,207,1911,2006,2606,782,26142,19586
5450,2471,746,207,1912,2006,2606,782,26086,19552
5460,2471,746,207,1911,2005,2606,782,26126,19591
5470,2471,746,207,1911,2005,2606,782,26150,19571
5480,2471,746,207,1911,2005,2606,782,26134,19576
5490,2471,746,207,1911,2005,2606,782,26126,19575
5500,2471,746,207,1911,2005,2606,782,26134,19568
5510,2471,746,207,1911,2005,2606,782,26102,19571
5520,2471,746,207,1911,2005,2606,782,26126,19559
5530,2471,746,207,1911,2005,2606,782,26126,19591
5540,2472,746,207,1911,2005,2606,782,26126,19567
5550,2472,746,207,1911,2005,2606,782,26118,19566
5560,2472,746,207,1911,2005,2606,782,26158,19565
5570,2472,746,207,1911,2005,2605,782,26126,19567
5580,2472,746,207,1911,2005,2606,782,26118,19566
5590,2472,746,207,1911,2005,2606,782,26142,19570
5600,2472,746,207,1911,2005,2606,782,26134,19568
5610,2472,746,207,1911,2005,2605,782,26134,19584
5620,2472,746,207,1912,2005,2605,782,26142,19562
5630,2471,746,207,1911,2005,2606,782,26134,19576
5640,2472,746,207,1911,2005,2606,782,26134,19552
5650,2472,746,207,1911,2005,2606,782,26126,19567
5660,2472,746,207,1911,2005,2606,782,26150,19571
5670,2472,746,207,1911,2005,2605,782,26134,19552
5680,2472,746,207,1911,2005,2605,782,26134,19560
5690,2472,746,207,1912,2005,2606,782,26134,19568
5700,2472,746,207,1911,2005,2606,782,26118,19558
5710,2472,746,207,1911,2005,2605,782,26118,19566
5720,2472,746,207,1911,2005,2605,782,26118,19558
5730,2472,746,207,1911,2005,2605,782,26118,19542
5740,2472,746,207,1911,2005,2605,782,26142,19570
5750,2472,746,207,1911,2005,2605,782,26150,19579
5760,2472,746,207,1911,2005,2605,782,26142,19570
5770,2472,746,207,1911,2005,2605,782,26134,19576
5780,2472,746,207,1911,2005,2605,782,26150,19555
5790,2472,746,207,1911,2005,2606,782,26110,19564
5800,2472,746,207,1911,2005,2605,782,26142,19554
5810,2472,746,207,1911,2005,2605,782,26134,19560
5820,2472,746,207,1911,2005,2605,782,26110,19572
5830,2472,746,207,1911,2005,2605,782,26110,19556
5840,2472,746,207,1911,2005,2605,782,26110,19580
5850,2472,746,207,1911,2005,2605,782,26126,19551
5860,2472,746,207,1911,2005,2605,782,26126,19567
5870,2472,746,207,1911,2005,2606,782,26126,19567
5880,2472,746,207,1911,2005,2605,782,26142,19554
5890,2472,746,207,1911,2005,2605,782,26142,19570
5900,2472,746,207,1912,2005,2605,782,26126,19567
5910,2472,746,207,1911,2005,2605,782,26134,19568
5920,2472,746,207,1912,2005,2605,782,26134,19560
5930,2472,746,207,1912,2005,2605,782,26126,19575
5940,2472,746,207,1911,2005,2605,782,26126,19551
5950,2472,746,207,1912,2005,2605,782,26142,19554
5960,2472,746,207,1912,2005,2605,782,26158,19565
5970,2472,746,207,1912,2005,2605,782,26118,19582
5980,2472,746,207,1911,2005,2605,782,26102,19547
5990,2472,746,207,1911,2005,2605,782,26134,19560
6000,2472,746,207,1911,2005,2605,782,26134,19552
6010,2472,746,207,1911,2005,2605,781,26118,19582
6020,2472,746,207,1911,2005,2605,782,26118,19558
6030,2472,746,207,1911,2005,2605,782,26118,19574
6040,2472,746,207,1911,2005,2605,782,26134,19544
6050,2472,746,207,1911,2005,2605,782,26158,19581
6060,2472,746,207,1911,2005,2605,781,26110,19572
6070,2472,746,207,1911,2005,2605,782,26126,19567
6080,2472,746,207,1911,2004,2605,782,26118,19566
6090,2473,746,207,1911,2004,2605,782,26126,19559
6100,2473,746,207,1911,2005,2605,782,26150,19539
6110,2473,746,207,1911,2005,2605,782,26126,19575
6120,2472,746,207,1911,2004,2605,782,26150,19571
6130,2472,746,207,1911,2005,2605,781,26126,19575
6140,2472,746,207,1911,2005,2605,781,26142,19554
6150,2472,746,207,1911,2004,2605,781,26110,19572
6160,2473,746,207,1911,2004,2605,781,26134,19560
6170,2472,746,207,1911,2004,2605,781,26102,19579
6180,2473,746,207,1911,2004,2605,781,26134,19544
6190,2473,746,207,1911,2004,2605,781,26150,19547
6200,2473,746,207,1911,2004,2605,781,26134,19552
6210,2473,746,207,1911,2004,2605,781,26134,19552
6220,2473,746,207,1911,2004,2605,781,26102,19539
6230,2473,746,207,1912,2004,2605,781,26118,19542
6240,2473,746,207,1911,2004,2605,781,26134,19560
6250,2473,746,207,1911,2004,2605,781,26126,19551
6260,2473,746,207,1912,2004,2605,781,26150,19579
6270,2473,746,207,1912,2004,2605,781,26126,19551
6280,2473,746,207,1912,2004,2605,781,26126,19551
6290,2473,746,207,1911,2004,2605,781,26134,19552
6300,2473,746,207,1911,2004,2605,781,26110,19548
6310,2473,746,207,1911,2004,2605,781,26126,19535
6320,2473,746,207,1911,2004,2605,781,26126,19575
6330,2473,746,207,1911,2004,2605,781,26166,19574
6340,2473,746,207,1912,2004,2605,781,26118,19542
6350,2473,746,207,1911,2004,2605,781,26102,19555
6360,2473,746,207,1911,2004,2605,781,26150,19563
6370,2473,746,207,1911,2004,2605,781,26110,19556
6380,2473,746,207,1911,2004,2605,781,26150,19547
6390,2473,746,207,1911,2004,2605,781,26134,19552
6400,2473,746,207,1912,2004,2605,781,26118,19558
6410,2473,746,207,1911,2004,2605,781,26118,19566
6420,2474,746,207,1911,2004,2605,781,26126,19567
6430,2473,746,207,1911,2004,2605,781,26134,19576
6440,2474,746,207,1911,2004,2605,781,26134,19560
6450,2473,746,207,1911,2004,2605,781,26150,19563
6460,2474,746,207,1911,2004,2605,781,26110,19564
6470,2473,746,207,1912,2004,2605,781,26166,19558
6480,2474,746,207,1912,2004,2605,781,26118,19566
6490,2473,746,207,1911,2004,2605,781,26134,19560
6500,2474,746,207,1912,2004,2605,781,26118,19558
6510,2474,746,207,1911,2004,2605,781,26150,19571
6520,2474,746,207,1911,2004,2605,781,26142,19570
6530,2473,746,207,1911,2004,2605,781,26150,19563
6540,2474,746,207,1911,2004,2605,781,26134,19552
6550,2474,746,207,1912,2004,2605,781,26126,19567
6560,2473,746,207,1912,2004,2605,781,26150,19555
6570,2474,746,207,1912,2004,2605,781,26150,19555
6580,2474,746,207,1912,2004,2605,781,26142,19570
6590,2474,746,207,1912,2004,2605,781,26142,19554
6600,2474,746,207,1911,2004,2605,781,26126,19535
6610,2474,747,207,1912,2004,2605,781,26118,19558
6620,2474,746,207,1912,2004,2605,781,26118,19542
6630,2474,746,207,1912,2004,2605,781,26142,19546
6640,2474,746,207,1911,2004,2605,781,26118,19550
6650,2474,746,207,1911,2003,2605,781,26150,19539
6660,2474,746,207,1911,2004,2605,781,26158,19557
6670,2474,746,207,1912,2004,2605,781,26142,19554
6680,2474,746,207,1911,2004,2605,781,26166,19550
6690,2474,747,207,1911,2004,2605,781,26142,19562
6700,2474,746,207,1912,2004,2605,781,26126,19567
6710,2474,747,207,1912,2003,2605,781,26126,19551
6720,2474,746,207,1912,2004,2605,781,26142,19538
6730,2474,746,207,1911,2004,2605,781,26134,19552
6740,2474,746,207,1912,2003,2605,781,26142,19522
6750,2474,746,207,1912,2003,2605,781,26142,19554
6760,2474,746,207,1911,2003,2605,781,26118,19566
6770,2474,746,207,1911,2003,2605,781,26150,19571
6780,2474,746,207,1911,2003,2605,781,26150,19547
6790,2474,746,207,1912,2003,2605,781,26150,19555
6800,2474,746,207,1911,2003,2605,781,26134,19552
6810,2474,746,207,1912,2003,2605,781,26126,19543
6820,2474,747,207,1912,2003,2605,781,26118,19566
6830,2474,746,207,1912,2003,2605,781,26142,19554
6840,2474,746,207,1912,2003,2605,781,26142,19546
6850,2474,746,207,1912,2003,2605,781,26158,19541
6860,2474,746,207,1911,2003,2604,781,26158,19565
6870,2474,746,207,1912,2003,2605,781,26158,19557
6880,2474,746,207,1911,2003,2604,781,26134,19536
6890,2474,746,207,1911,2003,2605,781,26102,19539
6900,2474,746,207,1912,2003,2605,781,26126,19567
6910,2474,746,207,1912,2003,2605,781,26126,19567
6920,2474,746,207,1912,2003,2605,781,26142,19554
6930,2475,746,207,1912,2003,2605,781,26150,19563
6940,2475,746,207,1912,2003,2605,781,26110,19556
6950,2474,746,207,1912,2003,2605,781,26134,19552
6960,2474,746,207,1912,2003,2605,781,26126,19559
6970,2475,746,207,1912,2003,2605,781,26126,19551
6980,2474,746,207,1912,2003,2604,781,26134,19536
6990,2474,746,207,1911,2003,2604,781,26118,19558
7000,2475,746,207,1911,2003,2604,781,26094,19545
7010,2475,746,207,1912,2003,2604,781,26110,19524
7020,2475,746,207,1912,2003,2604,781,26126,19559
7030,2475,746,207,1911,2003,2604,781,26126,19551
7040,2475,747,207,1911,2003,2604,781,26158,19549
7050,2475,746,207,1911,2003,2604,781,26110,19540
7060,2475,746,207,1912,2003,2604,781,26134,19536
7070,2475,746,207,1912,2003,2604,781,26134,19544
7080,2475,746,207,1912,2003,2605,781,26134,19528
7090,2475,747,207,1912,2003,2604,781,26142,19554
7100,2475,747,207,1912,2003,2605,781,26142,19562
7110,2475,747,207,1912,2003,2604,781,26142,19530
7120,2476,746,207,1912,2003,2604,781,26158,19581
7130,2475,747,207,1912,2003,2604,781,26142,19546
7140,2475,747,207,1912,2003,2604,781,26126,19527
7150,2475,747,207,1912,2003,2605,781,26126,19567
7160,2475,747,207,1912,2003,2604,781,26134,19560
7170,2476,746,207,1912,2003,2604,781,26158,19541
7180,2475,747,207,1912,2003,2604,781,26158,19541
7190,2476,747,207,1912,2003,2604,781,26118,19542
7200,2476,746,207,1912,2003,2604,781,26142,19586
7210,2476,746,207,1912,2003,2604,781,26158,19549
7220,2476,746,207,1911,2003,2604,781,26158,19533
7230,2476,746,207,1912,2003,2604,781,26134,19512
7240,2476,746,207,1912,2003,2604,781,26150,19539
7250,2476,746,207,1912,2002,2604,781,26142,19546
7260,2476,746,207,1912,2003,2604,781,26134,19552
7270,2476,746,207,1912,2002,2604,781,26118,19550
7280,2476,746,207,1912,2002,2604,781,26166,19550
7290,2476,746,207,1912,2002,2604,781,26126,19543
7300,2476,746,207,1912,2002,2604,781,26134,19552
7310,2476,746,207,1912,2002,2604,781,26118,19534
7320,2475,747,207,1912,2002,2604,781,26118,19510
7330,2476,746,207,1912,2002,2604,781,26150,19547
7340,2476,746,207,1912,2003,2604,781,26110,19548
7350,2476,746,207,1912,2003,2604,781,26142,19546
7360,2476,746,207,1912,2002,2604,781,26166,19558
7370,2476,746,207,1912,2002,2604,781,26134,19528
7380,2476,747,207,1912,2002,2604,781,26126,19551
7390,2476,746,207,1912,2002,2604,781,26118,19542
7400,2476,746,207,1912,2002,2604,781,26158,19541
7410,2476,746,207,1912,2002,2604,781,26102,19539
7420,2476,746,207,1912,2002,2604,781,26118,19542
7430,2476,747,207,1912,2002,2604,781,26118,19550
7440,2476,746,207,1912,2002,2604,781,26134,19544
7450,2476,746,207,1912,2002,2604,781,26126,19527
7460,2476,747,207,1912,2002,2604,781,26126,19551
7470,2476,747,207,1912,2002,2604,781,26134,19536
7480,2476,746,207,1912,2002,2604,781,26142,19538
7490,2476,746,207,1912,2002,2604,781,26158,19541
7500,2476,746,207,1912,2002,2604,781,26142,19522
7510,2476,747,207,1912,2002,2604,781,26118,19534
7520,2476,747,207,1912,2002,2604,781,26158,19533
7530,2476,746,207,1912,2002,2604,781,26134,19544
7540,2476,746,207,1912,2002,2604,781,26150,19515
7550,2476,746,207,1912,2002,2604,781,26126,19543
7560,2476,747,207,1912,2002,2604,781,26142,19546
7570,2476,747,207,1912,2002,2604,781,26126,19551
7580,2476,746,207,1912,2002,2604,781,26126,19527
7590,2476,747,207,1912,2002,2604,781,26134,19536
7600,2476,747,207,1912,2002,2604,781,26142,19522
7610,2476,747,207,1912,2002,2604,781,26126,19551
7620,2476,746,207,1912,2002,2604,781,26094,19537
7630,2476,746,207,1912,2002,2604,781,26134,19552
7640,2476,746,207,1912,2002,2604,781,26118,19518
7650,2476,746,207,1912,2002,2604,781,26142,19554
7660,2477,746,207,1912,2002,2604,781,26150,19531
7670,2476,746,207,1912,2002,2604,781,26134,19544
7680,2476,747,207,1912,2002,2604,781,26110,19532
7690,2476,746,207,1912,2002,2604,781,26134,19552
7700,2476,747,207,1912,2002,2604,781,26158,19549
7710,2476,747,207,1912,2002,2604,781,26134,19552
7720,2476,747,207,1912,2002,2604,781,26118,19534
7730,2476,747,207,1912,2002,2604,781,26110,19532
7740,2477,747,207,1911,2002,2604,781,26134,19528
7750,2477,746,207,1912,2002,2604,781,26158,19525
7760,2476,746,207,1912,2002,2604,781,26126,19519
7770,2476,746,207,1912,2002,2604,781,26158,19541
7780,2477,746,207,1912,2002,2604,781,26118,19534
7790,2477,746,207,1912,2001,2604,781,26134,19536
7800,2477,747,207,1912,2001,2604,781,26118,19534
7810,2477,747,207,1912,2002,2604,781,26142,19530
7820,2477,747,207,1912,2001,2604,780,26142,19546
7830,2477,747,207,1912,2001,2604,781,26142,19522
7840,2477,747,207,1912,2002,2604,780,26142,19546
7850,2476,746,207,1912,2001,2604,781,26134,19552
7860,2477,746,207,1912,2001,2604,780,26126,19543
7870,2477,746,207,1912,2002,2604,781,26142,19538
7880,2477,746,207,1912,2001,2604,781,26142,19546
7890,2477,746,207,1912,2001,2604,780,26102,19531
7900,2477,746,207,1912,2001,2604,781,26158,19533
7910,2477,747,207,1912,2001,2604,780,26118,19550
7920,2477,746,207,1912,2001,2604,780,26142,19546
7930,2477,746,207,1912,2001,2604,780,26110,19540
7940,2477,746,207,1912,2001,2604,780,26126,19559
7950,2477,746,207,1912,2001,2604,781,26134,19536
7960,2477,746,207,1912,2001,2604,780,26142,19530
7970,2477,746,207,1912,2001,2604,781,26134,19520
7980,2477,746,207,1912,2001,2604,780,26142,19530
7990,2477,746,207,1912,2001,2604,780,26102,19507
8000,2477,746,207,1912,2001,2604,780,26094,19545
8010,2477,746,207,1912,2001,2604,781,26118,19518
8020,2477,746,207,1912,2001,2604,780,26150,19547
8030,2477,747,207,1912,2001,2604,780,26150,19515
8040,2477,746,207,1912,2001,2604,781,26126,19543
8050,2477,746,207,1912,2001,2604,781,26118,19526
8060,2477,747,207,1912,2001,2604,780,26134,19520
8070,2478,746,207,1912,2001,2604,780,26142,19530
8080,2477,746,207,1912,2001,2604,780,26134,19504
8090,2478,746,207,1912,2001,2604,780,26126,19527
8100,2478,746,207,1912,2001,2604,780,26134,19528
8110,2478,747,207,1912,2001,2604,780,26126,19519
8120,2478,746,207,1912,2001,2604,780,26126,19551
8130,2477,746,207,1912,2001,2604,780,26142,19538
8140,2478,746,207,1912,2001,2604,780,26142,19514
8150,2477,746,207,1912,2001,2604,780,26134,19528
8160,2478,747,207,1912,2001,2604,780,26150,19523
8170,2478,747,207,1912,2001,2604,780,26150,19555
8180,2478,746,207,1912,2001,2604,780,26126,19551
8190,2478,746,207,1912,2001,2604,780,26118,19542
8200,2478,747,207,1912,2001,2604,780,26158,19549
8210,2478,746,207,1912,2001,2604,780,26166,19526
8220,2478,747,207,1912,2001,2603,780,26126,19535
8230,2478,747,207,1912,2001,2604,780,26142,19530
8240,2478,746,207,1912,2001,2604,780,26118,19518
8250,2478,746,207,1912,2001,2604,780,26118,19526
8260,2478,746,207,1912,2001,2604,780,26142,19522
8270,2478,746,207,1912,2001,2604,780,26142,19530
8280,2478,747,207,1912,2001,2604,780,26110,19516
8290,2478,746,207,1912,2001,2604,780,26126,19543
8300,2478,746,207,1912,2001,2604,780,26118,19542
8310,2478,746,207,1912,2000,2604,780,26134,19520
8320,2478,746,207,1912,2001,2603,780,26134,19528
8330,2478,747,207,1912,2001,2604,780,26126,19535
8340,2478,747,207,1912,2001,2603,780,26142,19546
8350,2478,746,207,1912,2001,2604,780,26142,19546
8360,2478,747,207,1912,2000,2604,780,26102,19531
8370,2478,746,207,1912,2001,2604,780,26110,19508
8380,2478,747,207,1912,2000,2604,780,26142,19530
8390,2478,746,207,1912,2000,2604,780,26150,19547
8400,2478,746,207,1912,2000,2604,780,26102,19523
8410,2478,746,207,1912,2000,2604,780,26118,19534
8420,2478,746,207,1912,2001,2604,780,26126,19535
8430,2478,746,207,1912,2000,2603,780,26166,19510
8440,2478,746,207,1912,2000,2604,780,26142,19530
8450,2478,746,207,1912,2000,2604,780,26158,19533
8460,2478,746,207,1912,2000,2604,780,26118,19542
8470,2478,747,207,1912,2000,2603,780,26134,19528
8480,2478,746,207,1912,2000,2603,780,26150,19515
8490,2478,746,207,1912,2000,2604,780,26150,19547
8500,2478,746,207,1912,2000,2604,780,26142,19538
8510,2478,747,207,1912,2000,2603,780,26142,19538
8520,2478,747,207,1912,2000,2603,780,26150,19523
8530,2478,747,207,1912,2000,2603,780,26110,19516
8540,2478,746,207,1911,2000,2603,780,26150,19523
8550,2478,746,207,1912,2000,2603,780,26110,19532
8560,2478,746,207,1912,2000,2604,780,26134,19528
8570,2479,746,207,1912,2000,2603,780,26142,19522
8580,2478,747,207,1912,2000,2603,780,26118,19518
8590,2478,746,207,1912,2000,2603,780,26118,19534
8600,2478,746,207,1912,2000,2603,780,26158,19525
8610,2479,746,207,1912,2000,2604,780,26150,19547
8620,2479,746,207,1912,2000,2603,780,26110,19500
8630,2479,746,207,1912,2000,2604,780,26118,19542
8640,2479,746,207,1912,2000,2603,780,26134,19552
8650,2479,746,207,1912,2000,2604,780,26118,19534
8660,2479,746,207,1912,2000,2603,780,26134,19552
8670,2479,747,207,1912,2000,2603,780,26142,19514
8680,2479,746,207,1912,2000,2604,780,26142,19546
8690,2479,746,207,1912,2000,2603,780,26118,19510
8700,2479,746,207,1912,2000,2603,780,26126,19527
8710,2479,746,207,1912,2000,2603,780,26126,19535
8720,2480,746,207,1912,2000,2603,780,26118,19534
8730,2479,747,207,1912,2000,2603,780,26126,19527
8740,2479,746,207,1912,2000,2603,780,26118,19510
8750,2480,746,207,1912,2000,2603,780,26118,19542
8760,2480,746,207,1912,2000,2603,780,26142,19522
8770,2480,746,207,1912,2000,2603,780,26118,19526
8780,2480,746,207,1912,2000,2603,780,26134,19536
8790,2479,746,207,1912,2000,2603,780,26126,19519
8800,2480,746,207,1912,2000,2603,780,26126,19511
8810,2479,746,207,1912,2000,2603,780,26110,19516
8820,2480,746,207,1912,2000,2604,780,26134,19544
8830,2480,746,207,1912,2000,2603,780,26118,19550
8840,2480,746,207,1912,2000,2603,780,26126,19527
8850,2480,746,207,1912,1999,2603,780,26142,19530
8860,2480,746,207,1912,2000,2603,780,26150,19515
8870,2480,746,207,1912,2000,2603,780,26134,19544
8880,2480,746,207,1912,2000,2603,780,26158,19541
8890,2480,746,207,1912,1999,2603,780,26134,19536
8900,2480,746,207,1912,1999,2603,780,26150,19531
8910,2480,746,207,1912,1999,2603,780,26142,19514
8920,2480,746,207,1912,1999,2603,780,26126,19519
8930,2480,746,207,1912,1999,2603,780,26134,19528
8940,2480,746,207,1912,1999,2604,780,26150,19523
8950,2480,746,207,1912,1999,2603,780,26142,19530
8960,2480,746,207,1912,1999,2603,780,26134,19528
8970,2480,746,207,1912,1999,2603,780,26142,19522
8980,2480,746,207,1912,1999,2603,780,26102,19515
8990,2480,746,207,1912,1999,2603,780,26118,19518
9000,2480,746,207,1912,1999,2603,780,26134,19536
9010,2480,746,207,1912,1999,2603,780,26118,19526
9020,2480,746,207,1912,1999,2603,780,26118,19518
9030,2480,746,207,1912,1999,2603,780,26150,19523
9040,2480,746,207,1912,1999,2603,780,26102,19523
9050,2480,746,207,1912,1999,2603,780,26126,19535
9060,2480,746,207,1912,1999,2603,780,26134,19520
9070,2480,746,207,1912,1999,2603,780,26134,19528
9080,2480,746,207,1912,1999,2603,780,26134,19528
9090,2480,746,207,1912,1999,2603,780,26150,19531
9100,2480,746,207,1912,1999,2603,780,26126,19519
9110,2480,746,207,1912,1999,2603,780,26126,19527
9120,2480,746,207,1912,1999,2603,780,26118,19534
9130,2480,746,207,1912,1999,2603,780,26118,19510
9140,2480,746,207,1912,1999,2603,780,26142,19530
9150,2480,746,207,1912,1999,2603,780,26126,19535
9160,2480,746,207,1912,1999,2603,780,26134,19544
9170,2480,746,207,1912,1999,2603,780,26150,19499
9180,2480,746,207,1912,1999,2603,780,26150,19531
9190,2480,746,207,1912,1999,2603,780,26126,19511
9200,2480,746,207,1912,1999,2603,780,26150,19539
9210,2480,746,207,1912,1999,2603,780,26126,19503
9220,2480,746,207,1912,1999,2603,780,26142,19530
9230,2480,746,207,1912,1999,2603,780,26134,19552
9240,2480,746,207,1912,1999,2603,780,26118,19534
9250,2480,746,207,1912,1999,2603,780,26142,19522
9260,2480,746,207,1912,1999,2603,780,26134,19528
9270,2480,746,207,1912,1999,2603,780,26142,19530
9280,2480,746,207,1912,1999,2603,780,26134,19512
9290,2480,746,207,1912,1999,2603,780,26118,19526
9300,2480,746,207,1912,1999,2603,780,26142,19522
9310,2480,746,207,1912,1999,2603,780,26134,19520
9320,2480,746,207,1912,1998,2603,780,26142,19530
9330,2480,746,207,1912,1999,2603,780,26118,19526
9340,2480,746,207,1912,1998,2603,780,26166,19534
9350,2480,746,207,1912,1999,2603,780,26142,19538
9360,2480,746,207,1912,1998,2603,780,26126,19519
9370,2481,746,207,1912,1999,2603,780,26142,19522
9380,2480,746,207,1912,1998,2603,780,26118,19518
9390,2480,746,207,1912,1998,2603,780,26126,19543
9400,2481,746,207,1912,1998,2603,780,26118,19534
9410,2480,746,207,1912,1998,2603,780,26118,19510
9420,2481,746,207,1912,1998,2603,780,26126,19543
9430,2481,746,207,1912,1999,2603,780,26134,19528
9440,2481,746,207,1912,1998,2603,780,26126,19535
9450,2481,746,207,1912,1998,2603,780,26118,19510
9460,2480,746,207,1912,1998,2603,780,26134,19552
9470,2481,746,207,1912,1998,2603,780,26142,19530
9480,2481,746,207,1912,1998,2603,780,26118,19510
9490,2481,746,207,1912,1998,2603,780,26134,19544
9500,2481,746,207,1912,1998,2603,780,26166,19534
9510,2481,746,207,1912,1998,2603,780,26134,19520
9520,2481,746,207,1912,1998,2603,780,26150,19531
9530,2481,746,207,1912,1998,2603,780,26126,19519
9540,2481,746,207,1912,1998,2603,780,26142,19506
9550,2481,746,207,1912,1998,2603,780,26134,19512
9560,2481,746,207,1912,1998,2603,780,26150,19507
9570,2481,746,207,1912,1998,2603,780,26110,19516
9580,2481,746,207,1912,1998,2603,780,26142,19522
9590,2481,746,207,1912,1998,2603,780,26142,19522
9600,2481,746,207,1912,1998,2603,780,26126,19535
9610,2481,746,207,1912,1998,2603,780,26134,19512
9620,2481,746,207,1912,1998,2603,780,26134,19520
9630,2481,746,207,1912,1998,2603,780,26118,19526
9640,2481,746,207,1912,1998,2603,780,26126,19543
9650,2481,746,207,1912,1998,2603,780,26150,19523
9660,2481,746,207,1912,1998,2603,780,26142,19538
9670,2481,746,207,1912,1998,2603,780,26126,19527
9680,2481,746,207,1912,1998,2603,780,26126,19519
9690,2481,746,207,1912,1998,2603,780,26158,19525
9700,2481,746,207,1912,1998,2603,780,26142,19538
9710,2481,746,207,1912,1998,2603,780,26134,19512
9720,2481,746,207,1912,1998,2603,780,26126,19543
9730,2481,746,207,1912,1998,2603,780,26142,19530
9740,2481,746,207,1912,1998,2603,780,26150,19563
9750,2482,746,207,1912,1998,2603,780,26134,19504
9760,2482,746,207,1912,1998,2603,780,26134,19528
9770,2481,746,207,1912,1998,2603,780,26118,19510
9780,2482,746,207,1912,1998,2603,780,26142,19514
9790,2481,746,207,1912,1998,2603,780,26150,19523
9800,2482,746,207,1912,1998,2603,780,26142,19514
9810,2482,746,207,1912,1997,2603,780,26158,19533
9820,2482,746,207,1912,1998,2603,780,26134,19512
9830,2482,746,207,1912,1998,2603,780,26134,19520
9840,2482,746,207,1912,1998,2603,780,26126,19519
9850,2482,746,207,1912,1998,2603,780,26126,19527
9860,2482,746,207,1912,1998,2603,780,26126,19535
9870,2482,746,207,1912,1997,2603,780,26150,19539
9880,2482,746,207,1912,1997,2603,780,26150,19515
9890,2482,746,207,1912,1997,2603,780,26126,19535
9900,2482,746,207,1912,1997,2603,780,26126,19511
9910,2482,746,207,1912,1997,2603,780,26126,19519
9920,2482,746,207,1912,1997,2603,780,26118,19542
9930,2482,747,207,1912,1997,2603,780,26126,19527
9940,2482,746,207,1912,1997,2603,780,26126,19527
9950,2482,746,207,1912,1997,2603,780,26142,19522
9960,2482,746,207,1912,1997,2603,780,26134,19504
9970,2482,746,207,1912,1997,2603,780,26150,19523
9980,2482,746,207,1912,1997,2603,780,26126,19543
9990,2482,746,207,1912,1997,2603,780,26126,19535
10000,2482,747,207,1912,1997,2603,780,26126,19543
10010,2482,746,207,1912,1997,2603,780,26134,19536
10020,2482,746,207,1912,1997,2603,780,26126,19519
10030,2482,746,207,1912,1997,2603,780,26134,19528
10040,2482,747,207,1912,1997,2603,780,26134,19528
10050,2482,746,207,1912,1997,2603,780,26134,19536
10060,2482,747,207,1912,1997,2603,780,26158,19541
10070,2482,746,207,1912,1997,2603,780,26134,19528
10080,2482,747,207,1912,1997,2603,780,26110,19532
10090,2482,746,207,1912,1997,2603,780,26158,19517
10100,2482,746,207,1912,1997,2603,780,26142,19538
10110,2482,746,207,1912,1997,2602,780,26166,19510
10120,2482,746,207,1912,1997,2603,780,26150,19515
10130,2482,746,207,1912,1997,2603,780,26150,19539
10140,2482,746,207,1912,1997,2603,780,26142,19514
10150,2482,746,207,1912,1997,2603,780,26134,19528
10160,2482,747,207,1912,1997,2603,780,26118,19542
10170,2482,746,207,1912,1997,2603,780,26094,19505
10180,2482,746,207,1912,1997,2603,780,26126,19527
10190,2482,746,207,1912,1997,2603,780,26142,19530
10200,2482,746,207,1912,1997,2603,780,26102,19515
10210,2482,746,207,1912,1997,2603,780,26142,19538
10220,2482,746,207,1912,1997,2603,780,26126,19535
10230,2482,747,207,1912,1997,2602,780,26102,19531
10240,2482,747,207,1912,1997,2603,780,26166,19534
10250,2482,746,207,1912,1997,2602,780,26142,19530
10260,2482,746,207,1912,1997,2603,780,26174,19528
10270,2483,746,207,1912,1997,2603,780,26118,19534
10280,2483,746,207,1912,1997,2603,780,26134,19528
10290,2482,746,207,1912,1997,2602,780,26126,19519
10300,2483,746,207,1912,1997,2603,780,26150,19515
10310,2482,746,207,1912,1997,2603,780,26118,19510
10320,2483,747,207,1912,1997,2603,780,26142,19530
10330,2482,746,207,1912,1997,2603,780,26142,19530
10340,2483,746,207,1912,1997,2603,780,26126,19527
10350,2483,747,207,1913,1997,2603,780,26118,19534
10360,2483,746,207,1912,1997,2603,780,26142,19522
10370,2482,746,207,1912,1997,2603,780,26126,19511
10380,2483,747,207,1912,1997,2603,780,26142,19530
10390,2483,746,207,1912,1996,2603,780,26126,19503
10400,2483,746,207,1912,1997,2603,780,26118,19518
10410,2483,747,207,1912,1996,2603,780,26126,19535
10420,2483,747,207,1912,1996,2603,780,26142,19522
10430,2483,746,207,1912,1996,2603,780,26126,19519
10440,2483,747,207,1912,1996,2603,780,26142,19514
10450,2483,746,207,1912,1996,2603,780,26126,19511
10460,2483,747,207,1912,1996,2602,780,26102,19523
10470,2483,746,207,1912,1996,2602,780,26142,19522
10480,2483,747,207,1912,1996,2602,780,26118,19534
10490,2483,746,207,1912,1996,2603,780,26126,19511
10500,2483,746,207,1912,1996,2603,780,26134,19504
10510,2484,746,207,1912,1996,2603,780,26134,19520
10520,2484,746,207,1912,1996,2602,780,26150,19531
10530,2484,746,207,1912,1996,2603,780,26150,19531
10540,2484,746,207,1912,1996,2603,780,26142,19530
10550,2484,746,207,1912,1996,2603,780,26134,19504
10560,2484,746,207,1912,1996,2603,780,26150,19531
10570,2484,747,207,1912,1996,2603,780,26134,19536
10580,2484,746,207,1912,1996,2603,780,26126,19511
10590,2484,746,207,1912,1996,2603,780,26142,19538
10600,2484,746,207,1912,1996,2603,780,26126,19551
10610,2484,746,207,1912,1996,2603,780,26118,19518
10620,2484,746,207,1912,1996,2603,780,26118,19510
10630,2484,746,207,1912,1996,2603,780,26126,19527
10640,2484,746,207,1912,1996,2603,780,26150,19523
10650,2484,746,207,1912,1996,2603,780,26118,19518
10660,2484,746,207,1912,1996,2603,780,26110,19516
10670,2484,746,207,1912,1996,2602,780,26166,19502
10680,2484,747,207,1912,1996,2603,780,26142,19522
10690,2484,747,207,1912,1996,2603,780,26150,19539
10700,2484,746,207,1912,1996,2603,780,26134,19520
10710,2484,747,207,1912,1996,2603,780,26134,19536
10720,2484,747,207,1912,1996,2603,780,26150,19531
10730,2484,747,207,1912,1996,2603,780,26134,19528
10740,2484,746,207,1912,1996,2603,780,26158,19541
10750,2484,746,207,1912,1996,2603,780,26118,19534
10760,2484,746,207,1912,1996,2603,780,26118,19518
10770,2484,747,207,1912,1996,2603,780,26126,19543
10780,2484,746,207,1912,1996,2603,780,26126,19551
10790,2484,746,207,1912,1996,2603,780,26134,19544
10800,2484,746,207,1912,1996,2603,780,26134,19528
10810,2484,746,207,1912,1996,2602,780,26150,19523
10820,2484,746,207,1912,1996,2602,780,26142,19538
10830,2484,746,207,1913,1996,2603,780,26134,19528
10840,2484,746,207,1912,1996,2602,780,26118,19534
10850,2484,746,207,1912,1996,2603,780,26126,19511
10860,2484,746,207,1912,1995,2603,780,26118,19526
10870,2484,746,207,1912,1996,2602,780,26142,19506
10880,2484,746,207,1912,1996,2603,780,26126,19519
10890,2484,746,207,1912,1996,2603,780,26142,19522
10900,2484,746,207,1912,1996,2603,780,26142,19514
10910,2484,746,207,1912,1996,2603,780,26102,19539
10920,2484,746,207,1912,1995,2602,780,26150,19531
10930,2484,746,207,1912,1996,2602,780,26150,19523
10940,2484,746,207,1912,1995,2602,780,26134,19536
10950,2484,746,207,1912,1996,2603,780,26126,19527
10960,2484,746,207,1912,1996,2602,780,26126,19503
10970,2484,747,207,1912,1996,2602,780,26134,19496
10980,2484,746,207,1913,1995,2602,780,26142,19506
10990,2484,746,207,1912,1996,2602,780,26110,19500
11000,2484,746,207,1912,1995,2603,780,26134,19512
11010,2484,746,207,1912,1995,2603,780,26126,19519
11020,2484,747,207,1912,1995,2602,780,26126,19519
11030,2484,746,207,1912,1995,2603,780,26118,19526
11040,2484,747,207,1912,1995,2602,780,26126,19519
11050,2484,747,207,1912,1995,2602,780,26142,19506
11060,2484,746,207,1912,1995,2602,780,26110,19516
11070,2484,747,207,1912,1995,2602,780,26134,19520
11080,2484,746,207,1912,1995,2603,780,26102,19531
11090,2484,746,207,1912,1995,2603,780,26150,19507
11100,2484,747,207,1912,1995,2602,780,26142,19506
11110,2485,746,207,1912,1995,2603,780,26150,19515
11120,2484,746,207,1912,1995,2602,780,26110,19540
11130,2485,746,207,1912,1995,2603,780,26118,19526
11140,2485,746,207,1913,1995,2603,780,26126,19527
11150,2485,746,207,1912,1995,2603,780,26142,19538
11160,2485,746,207,1913,1995,2602,780,26126,19527
11170,2485,746,207,1912,1995,2603,780,26134,19544
11180,2485,746,207,1913,1995,2603,780,26110,19532
11190,2485,747,207,1913,1995,2603,780,26110,19524
11200,2484,746,207,1912,1995,2602,780,26126,19551
11210,2485,746,207,1912,1995,2602,780,26142,19530
11220,2485,746,207,1913,1995,2603,780,26118,19542
11230,2485,747,207,1912,1995,2602,780,26150,19507
11240,2485,746,207,1912,1995,2602,780,26126,19527
11250,2485,746,207,1912,1995,2602,780,26134,19536
11260,2485,746,207,1912,1995,2602,780,26166,19534
11270,2485,747,207,1912,1995,2602,780,26158,19509
11280,2485,746,207,1912,1995,2603,780,26134,19536
11290,2485,747,207,1912,1995,2603,780,26150,19547
11300,2485,747,207,1912,1995,2602,780,26142,19538
11310,2485,747,207,1912,1995,2603,780,26134,19512
11320,2485,746,207,1912,1995,2603,780,26142,19530
11330,2485,747,207,1913,1995,2602,780,26134,19512
11340,2485,746,207,1912,1995,2603,780,26118,19542
11350,2485,747,207,1912,1995,2602,780,26142,19538
11360,2485,746,207,1912,1995,2602,780,26158,19525
11370,2485,747,207,1912,1995,2602,780,26110,19508
11380,2485,747,207,1912,1995,2602,780,26142,19522
11390,2485,747,207,1912,1995,2602,780,26134,19536
11400,2485,746,207,1912,1995,2603,780,26134,19520
11410,2485,746,207,1912,1995,2603,780,26110,19524
11420,2485,746,207,1912,1995,2602,780,26134,19520
11430,2485,746,207,1912,1995,2602,780,26142,19522
11440,2485,746,207,1912,1995,2603,780,26150,19531
11450,2485,746,207,1913,1994,2602,780,26134,19520
11460,2485,746,207,1912,1994,2602,780,26142,19522
11470,2485,746,207,1912,1994,2602,780,26126,19519
11480,2486,746,207,1913,1995,2602,780,26126,19543
11490,2485,746,207,1913,1995,2602,780,26126,19535
11500,2486,746,207,1912,1995,2602,780,26134,19512
11510,2485,747,207,1913,1994,2603,780,26134,19528
11520,2486,746,207,1912,1995,2602,780,26118,19534
11530,2485,746,207,1912,1994,2602,780,26150,19539
11540,2485,746,207,1912,1994,2602,780,26150,19547
11550,2485,746,207,1912,1994,2602,780,26142,19530
11560,2486,746,207,1912,1994,2602,780,26150,19539
11570,2486,746,207,1912,1994,2602,780,26142,19506
11580,2485,746,207,1912,1994,2602,780,26142,19522
11590,2486,746,207,1912,1994,2602,780,26142,19530
11600,2486,746,207,1912,1994,2602,780,26150,19523
11610,2486,746,207,1912,1994,2602,780,26118,19518
11620,2486,746,207,1912,1994,2602,780,26118,19510
11630,2486,746,207,1912,1994,2602,780,26126,19527
11640,2486,746,207,1912,1994,2602,780,26134,19512
11650,2486,746,207,1912,1994,2603,780,26158,19525
11660,2486,746,207,1912,1994,2603,780,26126,19519
11670,2486,746,207,1912,1994,2602,780,26126,19511
11680,2486,746,207,1912,1994,2602,780,26118,19518
11690,2486,746,207,1912,1994,2602,780,26134,19544
11700,2486,746,207,1912,1994,2602,780,26142,19522
11710,2486,746,207,1912,1994,2602,780,26118,19502
11720,2486,746,207,1912,1994,2603,780,26142,19514
11730,2486,746,207,1912,1994,2602,780,26126,19527
11740,2486,747,207,1912,1994,2602,780,26150,19523
11750,2486,746,207,1912,1994,2602,780,26150,19539
11760,2486,746,207,1912,1994,2602,780,26126,19519
11770,2486,746,207,1912,1994,2602,780,26134,19528
11780,2486,747,207,1912,1994,2602,780,26142,19538
11790,2486,747,207,1913,1994,2603,780,26126,19519
11800,2486,746,207,1912,1994,2602,780,26134,19528
11810,2486,746,207,1912,1994,2603,780,26126,19511
11820,2486,746,207,1912,1994,2602,780,26142,19538
11830,2486,746,207,1912,1994,2603,780,26126,19527
11840,2486,747,207,1912,1994,2602,780,26118,19550
11850,2486,746,207,1912,1994,2602,780,26142,19522
11860,2486,746,207,1912,1994,2602,780,26174,19560
11870,2486,746,207,1913,1994,2602,780,26142,19522
11880,2486,746,207,1913,1994,2602,780,26134,19528
11890,2486,746,207,1913,1994,2602,780,26134,19520
11900,2486,747,207,1912,1994,2602,780,26126,19519
11910,2486,746,207,1912,1994,2602,780,26150,19539
11920,2486,746,207,1912,1994,2602,780,26126,19527
11930,2486,747,207,1912,1994,2602,780,26142,19522
11940,2486,746,207,1913,1994,2602,780,26150,19515
11950,2486,747,207,1913,1994,2602,780,26126,19527
11960,2486,746,207,1913,1994,2602,780,26142,19514
11970,2486,746,207,1912,1994,2602,780,26158,19541
11980,2486,746,207,1912,1994,2602,780,26110,19508
11990,2486,746,207,1912,1994,2602,780,26142,19522
12000,2486,747,207,1912,1994,2602,780,26150,19531
12010,2486,746,207,1912,1994,2602,780,26126,19535
12020,2486,747,207,1913,1994,2602,780,26126,19527
12030,2486,747,207,1912,1993,2602,780,26126,19527
12040,2486,747,207,1913,1994,2602,780,26126,19527
12050,2487,747,207,1912,1994,2602,780,26126,19535
12060,2487,747,207,1912,1994,2602,780,26142,19546
12070,2487,747,207,1912,1993,2602,780,26134,19504
12080,2487,747,207,1912,1993,2602,780,26118,19526
12090,2487,747,207,1913,1994,2602,780,26134,19520
12100,2487,746,207,1912,1993,2602,780,26134,19520
12110,2487,747,207,1912,1993,2602,780,26150,19531
12120,2487,747,207,1912,1993,2602,780,26158,19533
12130,2487,747,207,1913,1993,2602,780,26102,19539
12140,2488,747,207,1913,1993,2602,780,26142,19546
12150,2487,747,207,1912,1993,2602,780,26118,19518
12160,2487,747,207,1913,1993,2602,780,26126,19503
12170,2487,747,207,1913,1993,2602,780,26118,19534
12180,2487,747,207,1913,1993,2602,780,26134,19520
12190,2487,746,207,1913,1993,2602,780,26126,19535
12200,2487,747,207,1912,1994,2602,780,26158,19549
12210,2488,747,207,1913,1993,2602,780,26150,19531
12220,2488,747,207,1912,1993,2602,780,26110,19508
12230,2488,746,207,1913,1993,2602,780,26126,19527
12240,2488,746,207,1913,1993,2602,780,26134,19512
12250,2488,747,207,1913,1993,2602,780,26150,19531
12260,2488,747,207,1913,1993,2602,780,26102,19523
12270,2488,747,207,1913,1993,2602,780,26166,19534
12280,2488,747,207,1912,1993,2602,780,26158,19541
12290,2488,747,207,1912,1993,2602,780,26134,19520
12300,2488,747,207,1913,1993,2602,780,26158,19533
12310,2488,747,207,1913,1993,2602,780,26158,19533
12320,2488,747,207,1913,1993,2602,780,26150,19539
12330,2488,747,207,1913,1993,2603,780,26118,19526
12340,2488,747,207,1913,1993,2602,780,26134,19520
12350,2488,747,207,1913,1993,2602,780,26134,19544
12360,2488,747,207,1913,1993,2602,780,26142,19522
12370,2488,747,207,1913,1993,2602,780,26150,19531
12380,2488,746,207,1913,1993,2602,780,26142,19530
12390,2488,747,207,1912,1993,2602,780,26134,19520
12400,2488,747,207,1913,1993,2602,780,26142,19514
12410,2488,746,207,1912,1993,2602,780,26150,19539
12420,2488,747,207,1912,1993,2602,780,26166,19542
12430,2488,747,207,1913,1993,2602,780,26142,19514
12440,2488,746,207,1912,1993,2602,780,26134,19536
12450,2488,747,207,1913,1993,2602,780,26126,19511
12460,2488,747,207,1913,1993,2602,780,26142,19522
12470,2488,747,207,1913,1993,2602,780,26134,19528
12480,2488,747,207,1913,1993,2602,780,26126,19527
12490,2488,746,207,1913,1993,2602,780,26118,19518
12500,2488,747,207,1913,1993,2602,780,26150,19539
12510,2488,747,207,1913,1993,2602,780,26126,19519
12520,2488,747,207,1912,1993,2602,780,26150,19523
12530,2488,746,207,1913,1993,2602,780,26166,19510
12540,2488,747,207,1913,1993,2602,780,26126,19543
12550,2488,747,207,1913,1993,2602,780,26150,19523
12560,2488,747,207,1913,1993,2602,780,26118,19526
12570,2488,747,207,1912,1993,2602,780,26134,19536
12580,2488,747,207,1912,1993,2602,780,26158,19549
12590,2488,747,207,1912,1993,2602,780,26110,19500
12600,2488,747,207,1912,1993,2602,780,26150,19539
12610,2488,747,207,1913,1993,2602,780,26110,19524
12620,2488,747,207,1913,1993,2602,780,26134,19536
12630,2488,747,207,1912,1993,2602,780,26118,19526
12640,2488,747,207,1913,1993,2602,780,26126,19487
12650,2488,747,207,1913,1993,2602,780,26118,19534
12660,2488,747,207,1913,1993,2602,780,26110,19524
12670,2488,747,207,1913,1993,2602,780,26126,19527
12680,2488,747,207,1912,1993,2602,780,26118,19526
12690,2488,747,207,1912,1992,2602,780,26142,19522
12700,2488,747,207,1913,1993,2602,780,26142,19530
12710,2488,747,207,1913,1993,2602,780,26126,19535
12720,2488,747,207,1912,1993,2602,780,26150,19539
12730,2488,747,207,1912,1992,2602,780,26102,19531
12740,2488,747,207,1912,1993,2602,780,26102,19539
12750,2488,747,207,1912,1993,2602,780,26142,19514
12760,2488,747,207,1912,1993,2602,780,26134,19512
12770,2488,747,207,1912,1993,2602,780,26102,19523
12780,2488,747,207,1912,1992,2602,780,26118,19526
12790,2488,747,207,1913,1992,2602,780,26118,19518
12800,2488,747,207,1912,1993,2602,780,26134,19536
12810,2488,747,207,1913,1992,2602,780,26102,19523
12820,2488,747,207,1913,1992,2602,780,26150,19531
12830,2488,746,207,1913,1992,2602,780,26118,19526
12840,2488,747,207,1912,1992,2602,780,26126,19543
12850,2488,747,207,1912,1992,2602,780,26150,19531
12860,2488,747,207,1913,1992,2602,780,26126,19535
12870,2488,747,207,1912,1992,2602,780,26150,19539
12880,2488,747,207,1912,1992,2602,780,26134,19528
12890,2489,747,207,1912,1992,2602,780,26158,19549
12900,2488,747,207,1912,1992,2602,780,26118,19502
12910,2489,747,207,1912,1992,2602,780,26142,19506
12920,2489,747,207,1912,1992,2602,780,26142,19530
12930,2489,747,207,1912,1992,2602,780,26134,19512
12940,2489,747,207,1912,1992,2602,780,26142,19506
12950,2489,747,207,1912,1992,2602,780,26126,19535
12960,2489,747,207,1912,1992,2602,780,26166,19518
12970,2489,747,207,1912,1992,2602,780,26142,19530
12980,2489,747,207,1912,1992,2602,780,26134,19536
12990,2489,746,207,1912,1992,2602,780,26158,19541
13000,2489,746,207,1912,1992,2602,780,26134,19528
13010,2489,747,207,1912,1992,2602,780,26150,19555
13020,2489,746,207,1912,1992,2602,780,26166,19526
13030,2489,747,207,1913,1992,2602,780,26142,19530
13040,2489,746,207,1913,1992,2602,780,26126,19543
13050,2489,746,207,1913,1992,2602,780,26166,19526
13060,2489,746,207,1913,1992,2602,780,26150,19539
13070,2489,746,207,1912,1992,2602,780,26142,19522
13080,2489,746,207,1912,1992,2602,780,26110,19540
13090,2489,746,207,1912,1992,2602,780,26134,19520
13100,2489,746,207,1912,1992,2602,780,26118,19542
13110,2489,746,207,1912,1992,2602,780,26158,19549
13120,2489,746,207,1912,1992,2602,780,26126,19535
13130,2489,747,207,1912,1992,2602,780,26102,19523
13140,2489,746,207,1912,1992,2602,780,26134,19544
13150,2489,746,207,1913,1992,2602,780,26126,19551
13160,2489,746,207,1912,1992,2602,780,26102,19539
13170,2489,746,207,1913,1992,2602,780,26142,19514
13180,2489,746,207,1913,1992,2602,780,26158,19525
13190,2489,746,207,1912,1992,2602,780,26150,19515
13200,2489,746,207,1913,1992,2602,780,26118,19542
13210,2489,746,207,1912,1992,2602,780,26174,19544
13220,2489,746,207,1912,1992,2602,780,26158,19557
13230,2489,747,207,1913,1992,2602,780,26110,19540
13240,2490,746,207,1913,1992,2602,780,26110,19524
13250,2489,746,207,1913,1992,2602,780,26134,19528
13260,2489,746,207,1913,1992,2602,780,26126,19519
13270,2489,746,207,1912,1992,2602,780,26134,19528
13280,2490,746,207,1912,1992,2602,780,26142,19538
13290,2490,746,207,1913,1992,2602,780,26094,19529
13300,2490,746,207,1912,1992,2602,780,26142,19562
13310,2490,746,207,1913,1992,2602,780,26158,19557
13320,2489,746,207,1912,1992,2602,780,26126,19551
13330,2490,746,207,1913,1992,2602,780,26134,19512
13340,2490,747,207,1912,1992,2602,780,26110,19516
13350,2490,746,207,1912,1992,2602,780,26126,19511
13360,2490,746,207,1912,1992,2602,780,26126,19511
13370,2490,746,207,1912,1992,2602,780,26142,19562
13380,2490,747,207,1912,1991,2602,780,26150,19507
13390,2490,746,207,1912,1992,2602,780,26126,19527
13400,2490,746,207,1912,1992,2602,780,26126,19503
13410,2490,747,207,1912,1991,2602,780,26102,19531
13420,2490,746,207,1912,1991,2602,780,26134,19544
13430,2490,746,207,1912,1991,2602,780,26110,19492
13440,2490,747,207,1912,1991,2602,780,26142,19514
13450,2490,746,207,1912,1991,2602,780,26118,19526
13460,2490,746,207,1913,1991,2602,780,26126,19519
13470,2490,746,207,1913,1991,2602,780,26142,19538
13480,2490,746,207,1913,1991,2602,780,26102,19515
13490,2490,747,207,1913,1991,2602,780,26134,19544
13500,2490,747,207,1912,1991,2602,780,26150,19523
13510,2490,747,207,1913,1991,2602,780,26134,19528
13520,2490,746,207,1913,1991,2602,780,26142,19506
13530,2490,746,207,1912,1991,2602,780,26158,19525
13540,2490,746,207,1912,1991,2602,780,26158,19533
13550,2490,746,207,1913,1991,2602,780,26110,19524
13560,2490,746,207,1913,1991,2602,780,26142,19538
13570,2490,747,207,1913,1991,2602,780,26118,19486
13580,2490,747,207,1912,1991,2602,780,26110,19524
13590,2490,746,207,1913,1991,2602,780,26134,19520
13600,2490,747,207,1913,1991,2602,780,26134,19536
13610,2490,747,207,1913,1991,2602,780,26134,19536
13620,2490,746,207,1913,1991,2602,780,26134,19504
13630,2490,746,207,1913,1991,2602,780,26158,19517
13640,2490,746,207,1913,1991,2602,780,26094,19505
13650,2490,747,207,1913,1991,2602,780,26142,19522
13660,2490,746,207,1913,1991,2602,780,26150,19515
13670,2490,747,207,1913,1991,2602,780,26118,19526
13680,2490,746,207,1913,1991,2602,780,26134,19512
13690,2490,747,207,1913,1991,2602,780,26142,19530
13700,2490,747,207,1913,1991,2602,780,26118,19542
13710,2490,747,207,1913,1991,2602,780,26134,19552
13720,2490,747,207,1912,1991,2602,780,26158,19541
13730,2490,747,207,1913,1991,2602,780,26150,19515
13740,2490,747,207,1913,1991,2602,780,26158,19557
13750,2490,747,207,1912,1991,2602,780,26134,19520
13760,2490,747,207,1912,1991,2602,780,26142,19538
13770,2490,747,207,1912,1991,2602,780,26110,19548
13780,2490,747,207,1913,1991,2602,780,26150,19539
13790,2490,747,207,1913,1991,2602,780,26126,19527
13800,2490,747,207,1913,1991,2602,780,26134,19520
13810,2490,747,207,1913,1991,2602,780,26134,19544
13820,2490,747,207,1912,1991,2602,780,26142,19522
13830,2490,747,207,1913,1991,2602,780,26126,19543
13840,2490,746,207,1913,1991,2602,780,26142,19514
13850,2491,747,207,1913,1991,2602,780,26110,19524
13860,2491,747,207,1913,1991,2602,780,26126,19519
13870,2490,747,207,1912,1991,2602,780,26150,19539
13880,2491,747,207,1913,1991,2602,780,26134,19520
13890,2491,747,207,1912,1991,2602,780,26150,19523
13900,2491,747,207,1913,1991,2602,780,26150,19531
13910,2491,747,207,1912,1991,2602,780,26126,19543
13920,2491,746,207,1912,1991,2602,780,26158,19533
13930,2491,746,207,1913,1991,2602,780,26134,19520
13940,2491,747,207,1913,1991,2602,780,26150,19531
13950,2491,747,207,1912,1991,2602,780,26126,19535
13960,2491,746,207,1913,1990,2602,780,26126,19495
13970,2491,746,207,1913,1991,2602,780,26142,19530
13980,2491,747,207,1913,1990,2602,780,26150,19523
13990,2491,746,207,1912,1990,2602,780,26102,19515
14000,2491,747,207,1912,1990,2602,780,26126,19511
14010,2491,747,207,1912,1990,2602,780,26102,19531
14020,2491,746,207,1913,1991,2602,780,26110,19524
14030,2491,746,207,1913,1990,2602,780,26126,19527
14040,2491,747,207,1913,1990,2602,780,26142,19538
14050,2491,747,207,1913,1990,2602,780,26102,19539
14060,2491,747,207,1913,1991,2602,780,26158,19549
14070,2491,747,207,1912,1991,2602,780,26118,19510
14080,2491,747,207,1912,1990,2602,780,26142,19538
14090,2491,747,207,1912,1990,2602,780,26158,19525
14100,2491,746,207,1912,1990,2602,780,26118,19542
14110,2491,746,207,1913,1990,2602,780,26150,19531
14120,2491,747,207,1912,1990,2602,780,26150,19563
14130,2492,747,207,1912,1990,2602,780,26142,19530
14140,2492,747,207,1913,1990,2602,780,26158,19549
14150,2492,747,207,1912,1990,2602,780,26134,19552
14160,2492,747,207,1913,1990,2602,780,26142,19538
14170,2492,747,207,1913,1990,2602,780,26110,19532
14180,2492,747,207,1913,1990,2602,780,26150,19531
14190,2491,747,207,1912,1990,2602,780,26126,19527
14200,2492,746,207,1913,1990,2602,780,26118,19534
14210,2492,746,207,1913,1990,2602,780,26126,19503
14220,2492,746,207,1912,1990,2602,780,26126,19535
14230,2492,747,207,1913,1990,2602,780,26150,19531
14240,2492,747,207,1913,1990,2602,780,26150,19539
14250,2492,747,207,1912,1990,2602,780,26150,19539
14260,2492,746,207,1912,1990,2602,780,26118,19534
14270,2492,746,207,1912,1990,2602,780,26126,19543
14280,2492,746,207,1913,1990,2602,780,26158,19541
14290,2492,747,207,1913,1990,2602,780,26126,19519
14300,2492,746,207,1912,1990,2602,780,26126,19519
14310,2492,746,207,1912,1990,2602,780,26118,19534
14320,2492,747,207,1912,1990,2602,780,26150,19539
14330,2492,747,207,1913,1990,2602,780,26134,19528
14340,2492,747,207,1912,1990,2602,780,26150,19547
14350,2492,747,207,1913,1990,2602,780,26158,19517
14360,2492,747,207,1912,1990,2602,780,26150,19539
14370,2492,747,207,1912,1990,2602,780,26142,19514
14380,2492,747,207,1912,1990,2602,780,26150,19539
14390,2492,747,207,1913,1990,2602,780,26134,19512
14400,2492,747,207,1913,1990,2602,780,26118,19510
14410,2492,747,207,1912,1990,2602,780,26142,19538
14420,2492,747,207,1912,1990,2602,780,26118,19534
14430,2492,747,207,1912,1990,2602,780,26150,19539
14440,2492,746,207,1912,1990,2602,780,26134,19528
14450,2492,747,207,1913,1990,2602,780,26118,19518
14460,2492,746,207,1913,1990,2602,780,26158,19557
14470,2492,747,207,1912,1990,2602,780,26134,19512
14480,2492,747,207,1912,1990,2602,780,26150,19523
14490,2492,747,207,1912,1990,2602,780,26142,19538
14500,2492,747,207,1912,1990,2602,780,26142,19530
14510,2492,746,207,1912,1990,2602,780,26142,19514
14520,2492,746,207,1913,1990,2602,780,26134,19536
14530,2492,747,207,1913,1990,2602,780,26126,19543
14540,2492,747,207,1913,1989,2602,780,26150,19523
14550,2492,747,207,1913,1990,2602,780,26142,19546
14560,2492,746,207,1912,1990,2602,780,26118,19542
14570,2492,746,207,1913,1990,2602,780,26134,19536
14580,2492,747,207,1912,1990,2602,780,26110,19540
14590,2492,746,207,1912,1990,2602,780,26134,19528
14600,2492,746,207,1913,1990,2602,781,26182,19521
14610,2492,746,207,1913,1990,2602,780,26126,19503
14620,2492,747,207,1913,1989,2602,780,26142,19546
14630,2492,747,207,1913,1990,2602,780,26142,19522
14640,2492,747,207,1913,1989,2602,780,26142,19538
14650,2492,746,207,1913,1990,2602,780,26110,19516
14660,2492,746,207,1913,1990,2602,781,26142,19546
14670,2492,746,207,1913,1990,2602,780,26134,19544
14680,2492,747,207,1912,1990,2602,780,26142,19522
14690,2492,747,207,1913,1990,2602,780,26126,19543
14700,2492,746,207,1913,1990,2602,781,26150,19515
14710,2492,747,207,1913,1990,2602,780,26118,19518
14720,2492,746,207,1913,1990,2602,780,26150,19515
14730,2492,746,207,1913,1989,2602,781,26142,19530
14740,2492,746,207,1913,1989,2602,780,26118,19534
14750,2493,746,207,1912,1989,2602,780,26158,19525
14760,2493,746,207,1913,1989,2602,780,26142,19530
14770,2492,746,207,1913,1989,2602,780,26126,19543
14780,2492,746,207,1913,1989,2602,781,26102,19515
14790,2493,746,207,1912,1989,2602,781,26166,19526
14800,2492,746,207,1913,1989,2602,780,26126,19519
14810,2493,746,207,1913,1989,2602,781,26166,19542
14820,2493,746,207,1913,1989,2602,781,26150,19531
14830,2493,746,207,1912,1989,2602,781,26110,19524
14840,2493,746,207,1912,1989,2602,780,26142,19530
14850,2493,746,207,1912,1989,2602,780,26126,19535
14860,2493,746,207,1912,1989,2602,781,26158,19541
14870,2493,746,207,1913,1989,2602,780,26158,19541
14880,2493,746,207,1913,1989,2602,780,26126,19511
14890,2493,746,207,1913,1989,2602,780,26134,19536
14900,2493,746,207,1913,1989,2602,780,26126,19543
14910,2493,746,207,1912,1989,2602,781,26110,19532
14920,2493,746,207,1912,1989,2602,781,26134,19528
14930,2493,746,207,1913,1989,2602,781,26118,19542
14940,2493,746,207,1912,1989,2602,780,26126,19535
14950,2493,746,207,1913,1989,2602,780,26142,19538
14960,2493,746,207,1913,1989,2602,781,26150,19547
14970,2493,746,207,1912,1989,2602,781,26142,19546
14980,2493,746,207,1913,1989,2602,781,26118,19526
14990,2493,746,207,1912,1989,2602,780,26150,19539
15000,2493,746,207,1912,1989,2602,780,26142,19538
15010,2493,746,207,1912,1989,2602,780,26142,19522
15020,2493,746,207,1913,1989,2602,781,26134,19528
15030,2493,746,207,1913,1989,2602,781,26142,19546
15040,2493,746,207,1913,1989,2602,780,26118,19534
15050,2493,746,207,1912,1989,2602,781,26118,19510
15060,2493,746,207,1912,1989,2602,781,26158,19557
15070,2493,746,207,1913,1989,2602,781,26150,19523
15080,2493,746,207,1913,1989,2602,780,26166,19558
15090,2493,746,207,1913,1989,2602,781,26126,19551
15100,2493,746,207,1913,1989,2602,781,26126,19503
15110,2493,746,207,1913,1989,2602,781,26174,19528
15120,2493,747,207,1913,1989,2602,781,26118,19518
15130,2493,746,207,1913,1989,2602,781,26118,19534
15140,2494,746,207,1913,1989,2602,781,26150,19539
15150,2493,746,207,1913,1989,2602,780,26158,19541
15160,2494,746,207,1912,1989,2602,781,26118,19526
15170,2494,746,207,1912,1989,2602,781,26134,19544
15180,2494,746,207,1912,1989,2602,781,26126,19519
15190,2494,746,207,1913,1989,2602,781,26126,19559
15200,2494,746,207,1913,1989,2602,781,26142,19522
15210,2494,746,207,1912,1989,2602,781,26118,19534
15220,2494,747,207,1913,1989,2602,781,26142,19530
15230,2494,746,207,1913,1989,2602,780,26118,19534
15240,2494,746,207,1913,1989,2602,781,26126,19543
15250,2494,746,207,1913,1988,2602,781,26118,19518
15260,2494,746,207,1913,1989,2602,781,26126,19535
15270,2494,746,207,1913,1989,2602,781,26134,19528
15280,2494,746,207,1913,1989,2602,781,26126,19527
15290,2494,746,207,1913,1989,2602,781,26126,19519
15300,2494,747,207,1913,1989,2602,781,26126,19543
15310,2494,746,207,1913,1989,2602,781,26182,19545
15320,2494,746,207,1913,1989,2601,781,26118,19550
15330,2494,746,207,1913,1989,2602,781,26142,19530
15340,2494,747,207,1913,1989,2602,781,26118,19518
15350,2494,746,207,1913,1989,2602,781,26126,19519
15360,2494,746,207,1913,1988,2602,781,26118,19542
15370,2494,746,207,1913,1988,2602,781,26150,19531
15380,2494,746,207,1913,1989,2602,781,26166,19550
15390,2494,746,207,1912,1988,2602,781,26142,19522
15400,2494,746,207,1912,1988,2602,781,26142,19530
15410,2494,747,207,1913,1988,2602,781,26110,19524
15420,2494,747,207,1913,1988,2602,781,26142,19522
15430,2494,746,207,1912,1988,2602,781,26134,19520
15440,2494,746,207,1913,1988,2602,781,26142,19562
15450,2494,747,207,1912,1988,2602,781,26166,19526
15460,2494,747,207,1913,1988,2602,781,26166,19542
15470,2494,746,207,1912,1989,2602,781,26134,19528
15480,2494,746,207,1912,1988,2602,781,26150,19523
15490,2494,746,207,1912,1988,2602,781,26126,19527
15500,2494,747,207,1912,1988,2602,781,26110,19516
15510,2494,747,207,1913,1988,2602,781,26142,19538
15520,2494,746,207,1913,1988,2602,781,26118,19550
15530,2494,747,207,1913,1988,2602,781,26126,19511
15540,2494,746,207,1913,1988,2602,781,26118,19518
15550,2494,746,207,1913,1988,2602,781,26150,19531
15560,2494,747,207,1913,1988,2602,781,26118,19518
15570,2494,747,207,1913,1988,2602,781,26118,19542
15580,2494,747,207,1913,1988,2601,781,26166,19526
15590,2494,747,207,1913,1988,2602,781,26142,19530
15600,2494,747,207,1913,1988,2602,781,26182,19553
15610,2494,746,207,1913,1988,2601,781,26142,19554
15620,2494,746,207,1913,1988,2602,781,26102,19523
15630,2495,746,207,1913,1988,2602,781,26142,19538
15640,2495,746,207,1913,1988,2602,781,26126,19511
15650,2495,746,207,1913,1988,2602,781,26150,19555
15660,2495,747,207,1913,1988,2602,781,26142,19514
15670,2495,747,207,1913,1988,2602,781,26158,19509
15680,2495,746,207,1912,1988,2602,781,26142,19522
15690,2495,746,207,1912,1988,2602,781,26118,19534
15700,2495,746,207,1912,1988,2602,781,26126,19543
15710,2495,746,207,1913,1988,2602,781,26158,19525
15720,2495,746,207,1913,1988,2602,781,26142,19546
15730,2495,746,207,1913,1988,2602,781,26142,19514
15740,2495,746,207,1913,1988,2602,781,26150,19547
15750,2495,746,207,1913,1988,2601,781,26158,19549
15760,2495,746,207,1913,1988,2602,781,26126,19551
15770,2495,746,207,1913,1988,2602,781,26150,19515
15780,2495,746,207,1912,1988,2602,781,26142,19546
15790,2495,746,207,1913,1988,2602,781,26118,19542
15800,2495,746,207,1913,1988,2602,781,26150,19531
15810,2495,746,207,1913,1988,2601,781,26134,19568
15820,2495,747,207,1912,1988,2601,781,26174,19520
15830,2495,747,207,1912,1988,2602,781,26166,19542
15840,2496,746,207,1912,1988,2602,781,26134,19552
15850,2496,746,207,1913,1988,2602,781,26142,19538
15860,2496,747,207,1913,1988,2602,781,26158,19525
15870,2495,746,207,1913,1988,2602,781,26150,19539
15880,2495,747,207,1913,1988,2602,781,26134,19544
15890,2495,746,207,1913,1988,2602,781,26126,19519
15900,2496,746,207,1913,1988,2602,781,26142,19546
15910,2496,746,207,1913,1988,2602,781,26102,19539
15920,2496,746,207,1913,1988,2602,781,26126,19519
15930,2495,746,207,1913,1988,2602,781,26126,19543
15940,2495,747,207,1913,1988,2602,781,26142,19522
15950,2496,746,207,1913,1988,2602,781,26126,19535
15960,2496,747,207,1913,1988,2601,781,26102,19547
15970,2495,746,207,1913,1988,2601,781,26142,19546
15980,2496,747,207,1913,1988,2602,781,26126,19535
15990,2496,746,207,1912,1988,2601,781,26166,19542
16000,2496,746,207,1913,1988,2601,781,26134,19544
16010,2496,746,207,1913,1988,2602,781,26150,19539
16020,2496,746,207,1913,1988,2602,781,26150,19531
16030,2496,747,207,1913,1988,2602,781,26134,19528
16040,2496,746,207,1913,1987,2602,781,26142,19530
16050,2495,746,207,1913,1988,2602,781,26142,19522
16060,2496,746,207,1913,1988,2602,781,26134,19552
16070,2496,746,207,1913,1988,2601,781,26142,19562
16080,2496,746,207,1913,1988,2602,781,26142,19546
16090,2496,746,207,1913,1988,2602,781,26150,19539
16100,2496,747,207,1913,1987,2602,781,26134,19536
16110,2496,746,207,1913,1987,2601,781,26142,19562
16120,2496,747,207,1913,1987,2602,781,26134,19544
16130,2496,747,207,1913,1987,2602,781,26126,19551
16140,2496,746,207,1913,1988,2602,781,26118,19526
16150,2496,746,207,1913,1988,2602,781,26118,19518
16160,2496,746,207,1913,1988,2601,781,26126,19543
16170,2496,747,207,1913,1987,2601,781,26150,19539
16180,2496,746,207,1912,1987,2602,781,26142,19530
16190,2496,746,207,1913,1987,2602,781,26150,19539
16200,2496,746,207,1913,1987,2602,781,26158,19557
16210,2496,746,207,1913,1987,2601,781,26118,19494
16220,2496,747,207,1913,1987,2602,781,26126,19519
16230,2496,747,207,1912,1987,2602,781,26126,19527
16240,2496,747,207,1913,1987,2602,781,26126,19519
16250,2496,747,207,1913,1987,2602,781,26166,19526
16260,2496,747,207,1913,1987,2601,781,26142,19530
16270,2496,747,207,1913,1987,2602,781,26150,19523
16280,2496,747,207,1913,1987,2601,781,26118,19542
16290,2496,746,207,1913,1987,2602,781,26118,19526
16300,2496,747,207,1913,1987,2602,781,26142,19554
16310,2496,747,207,1913,1987,2602,781,26118,19534
16320,2496,746,207,1913,1987,2602,781,26150,19547
16330,2496,746,207,1912,1987,2602,781,26134,19544
16340,2496,746,207,1913,1987,2602,781,26158,19541
16350,2496,747,207,1913,1987,2601,781,26134,19544
16360,2496,746,207,1913,1987,2602,781,26118,19526
16370,2496,747,207,1913,1987,2601,781,26142,19546
16380,2496,746,207,1913,1987,2602,781,26126,19519
16390,2496,746,207,1913,1987,2601,781,26134,19512
16400,2496,746,207,1913,1987,2601,781,26134,19520
16410,2496,747,207,1912,1987,2602,781,26150,19531
16420,2496,746,207,1913,1987,2602,781,26102,19531
16430,2496,747,207,1913,1987,2602,781,26134,19520
16440,2496,747,207,1913,1987,2601,781,26142,19530
16450,2496,747,207,1913,1987,2601,781,26134,19520
16460,2496,747,207,1913,1987,2601,781,26150,19539
16470,2496,747,207,1913,1987,2602,781,26150,19531
16480,2496,746,207,1913,1987,2601,781,26190,19555
16490,2496,746,207,1913,1987,2601,781,26134,19528
16500,2496,746,207,1913,1987,2601,781,26118,19534
16510,2496,746,207,1913,1987,2601,781,26150,19539
16520,2497,747,207,1913,1987,2602,781,26158,19533
16530,2496,747,207,1912,1987,2602,781,26150,19531
16540,2497,746,207,1913,1987,2601,781,26142,19546
16550,2496,746,207,1913,1987,2602,781,26134,19536
16560,2496,747,207,1913,1987,2601,781,26110,19532
16570,2496,746,207,1913,1987,2602,781,26134,19536
16580,2497,747,207,1913,1987,2601,781,26110,19508
16590,2497,747,207,1913,1987,2601,781,26118,19518
16600,2497,746,207,1912,1987,2601,781,26134,19512
16610,2497,746,207,1912,1987,2601,781,26134,19536
16620,2497,747,207,1913,1987,2601,781,26142,19530
16630,2497,747,207,1913,1987,2601,781,26166,19534
16640,2497,746,207,1912,1987,2601,781,26166,19550
16650,2497,746,207,1913,1987,2602,781,26150,19531
16660,2497,746,207,1913,1987,2602,781,26110,19524
16670,2497,746,207,1912,1987,2602,781,26150,19539
16680,2497,747,207,1913,1987,2601,781,26158,19533
16690,2497,746,207,1913,1987,2601,781,26126,19535
16700,2497,747,207,1913,1987,2601,781,26110,19540
16710,2497,746,207,1913,1986,2601,781,26126,19519
16720,2497,746,207,1913,1987,2601,781,26134,19520
16730,2497,746,207,1913,1987,2602,781,26134,19520
16740,2497,746,207,1913,1987,2601,781,26142,19530
16750,2497,746,207,1913,1987,2601,781,26126,19551
16760,2497,746,207,1913,1987,2602,781,26134,19520
16770,2497,746,207,1913,1986,2601,781,26134,19520
16780,2497,746,207,1913,1987,2602,781,26126,19527
16790,2497,746,207,1913,1986,2602,781,26150,19539
16800,2497,746,207,1913,1986,2602,781,26118,19550
16810,2497,747,207,1913,1986,2601,781,26142,19546
16820,2497,746,207,1913,1986,2601,781,26142,19522
16830,2497,747,207,1913,1986,2601,781,26150,19547
16840,2497,747,207,1913,1986,2601,781,26134,19520
16850,2497,747,207,1913,1986,2601,781,26150,19531
16860,2497,746,207,1913,1986,2601,781,26142,19514
16870,2497,747,207,1913,1986,2601,781,26134,19544
16880,2497,746,207,1913,1986,2601,781,26126,19543
16890,2498,746,207,1913,1986,2601,781,26166,19558
16900,2497,746,207,1913,1986,2601,781,26158,19525
16910,2498,746,207,1913,1986,2601,781,26142,19538
16920,2498,746,207,1913,1986,2601,781,26134,19536
16930,2498,746,207,1913,1986,2602,781,26126,19519
16940,2497,746,207,1913,1986,2601,781,26142,19538
16950,2498,747,207,1913,1986,2601,781,26126,19535
16960,2498,746,207,1913,1986,2601,781,26134,19544
16970,2497,747,207,1913,1986,2601,781,26134,19552
16980,2497,747,207,1913,1986,2601,781,26142,19554
16990,2498,746,207,1912,1986,2601,781,26126,19519
17000,2498,747,207,1913,1986,2601,781,26134,19544
17010,2498,747,207,1913,1986,2601,781,26110,19532
17020,2498,747,207,1913,1986,2601,781,26126,19551
17030,2498,746,207,1913,1986,2602,781,26118,19534
17040,2498,747,207,1913,1986,2601,781,26134,19520
17050,2498,746,207,1913,1986,2601,781,26118,19534
17060,2498,747,207,1913,1986,2601,781,26142,19538
17070,2498,746,207,1913,1986,2601,781,26126,19543
17080,2498,746,207,1913,1986,2602,781,26102,19499
17090,2498,747,207,1913,1986,2601,781,26150,19523
17100,2498,747,207,1913,1986,2601,781,26134,19528
17110,2498,747,207,1913,1986,2601,781,26126,19535
17120,2498,746,207,1913,1986,2601,781,26134,19528
17130,2498,746,207,1913,1986,2601,781,26150,19531
17140,2498,747,207,1913,1986,2602,781,26142,19522
17150,2498,747,207,1913,1986,2601,781,26134,19536
17160,2498,747,207,1913,1986,2601,781,26126,19543
17170,2498,747,207,1913,1986,2601,781,26102,19539
17180,2498,747,207,1913,1986,2601,781,26118,19526
17190,2498,747,207,1913,1986,2601,781,26142,19554
17200,2498,747,207,1913,1986,2601,781,26102,19547
17210,2498,747,207,1913,1986,2601,781,26134,19528
17220,2498,747,207,1913,1986,2601,781,26118,19550
17230,2498,747,207,1913,1986,2601,781,26118,19534
17240,2498,747,207,1913,1986,2601,781,26150,19547
17250,2498,747,207,1913,1986,2601,781,26134,19536
17260,2498,747,207,1912,1986,2601,781,26150,19547
17270,2498,746,207,1913,1986,2601,781,26134,19552
17280,2498,747,207,1913,1986,2601,781,26142,19546
17290,2498,747,207,1913,1986,2601,781,26134,19520
17300,2498,747,207,1913,1986,2601,781,26126,19551
17310,2498,747,207,1913,1986,2602,781,26134,19528
17320,2498,747,207,1913,1986,2602,781,26102,19539
17330,2498,746,207,1913,1986,2601,781,26142,19538
17340,2498,747,207,1913,1986,2601,781,26158,19565
17350,2498,747,207,1913,1986,2601,781,26134,19528
17360,2498,747,207,1913,1986,2601,781,26150,19531
17370,2498,747,207,1913,1986,2601,781,26158,19565
17380,2498,747,207,1913,1986,2602,781,26118,19526
17390,2498,747,207,1913,1986,2601,781,26142,19546
17400,2498,747,207,1913,1986,2601,781,26150,19531
17410,2498,746,207,1913,1986,2601,781,26126,19535
17420,2498,746,207,1913,1986,2601,781,26134,19552
17430,2498,746,207,1913,1986,2601,781,26110,19548
17440,2498,747,207,1913,1986,2601,781,26126,19519
17450,2499,747,207,1913,1986,2601,781,26110,19548
17460,2498,747,207,1913,1986,2601,781,26158,19541
17470,2498,747,207,1913,1985,2601,781,26158,19541
17480,2498,747,207,1913,1985,2601,781,26150,19531
17490,2498,747,207,1913,1986,2602,781,26142,19570
17500,2498,747,207,1913,1985,2601,781,26134,19560
17510,2498,747,207,1913,1986,2601,781,26150,19555
17520,2498,747,207,1913,1986,2601,781,26142,19546
17530,2498,747,207,1913,1985,2601,781,26118,19542
17540,2499,747,207,1913,1985,2601,781,26142,19522
17550,2499,747,207,1913,1985,2601,781,26142,19538
17560,2499,747,207,1913,1986,2601,781,26142,19514
17570,2499,747,207,1913,1985,2601,781,26158,19549
17580,2499,747,207,1913,1985,2601,781,26134,19544
17590,2499,746,207,1913,1985,2601,781,26134,19544
17600,2499,747,207,1913,1985,2602,781,26126,19527
17610,2499,747,207,1913,1985,2601,781,26142,19538
17620,2499,747,207,1913,1985,2601,781,26126,19527
17630,2499,747,207,1913,1985,2601,781,26158,19541
17640,2499,747,207,1913,1985,2601,781,26166,19526
17650,2499,747,207,1913,1985,2601,781,26134,19528
17660,2500,746,207,1913,1985,2601,781,26126,19543
17670,2499,747,207,1913,1985,2601,781,26134,19536
17680,2500,747,207,1913,1985,2601,781,26142,19522
17690,2500,747,207,1913,1985,2601,781,26158,19557
17700,2499,747,207,1913,1985,2601,781,26150,19531
17710,2500,747,207,1913,1985,2601,781,26134,19528
17720,2500,746,207,1913,1985,2601,781,26142,19554
17730,2500,747,207,1913,1985,2601,781,26134,19520
17740,2500,747,207,1913,1985,2601,781,26150,19539
17750,2500,746,207,1913,1985,2601,781,26134,19536
17760,2500,747,207,1913,1985,2601,781,26134,19536
17770,2500,747,207,1913,1985,2601,781,26158,19517
17780,2500,747,207,1913,1985,2601,781,26118,19534
17790,2500,747,207,1913,1985,2601,781,26126,19527
17800,2499,747,207,1913,1985,2601,781,26142,19530
17810,2500,747,207,1913,1985,2601,781,26150,19539
17820,2500,747,207,1913,1985,2601,781,26134,19528
17830,2499,747,207,1913,1985,2601,781,26158,19565
17840,2500,747,207,1913,1985,2601,781,26110,19508
17850,2500,747,207,1913,1985,2601,781,26126,19551
17860,2500,746,207,1913,1985,2601,781,26158,19549
17870,2500,746,207,1913,1985,2601,782,26158,19549
17880,2500,746,207,1913,1985,2601,781,26134,19560
17890,2500,746,207,1913,1985,2601,781,26142,19538
17900,2500,746,207,1913,1985,2601,781,26158,19549
17910,2500,746,207,1913,1985,2601,781,26166,19518
17920,2500,747,207,1912,1985,2601,781,26126,19551
17930,2500,747,207,1913,1985,2601,781,26158,19541
17940,2500,747,207,1912,1985,2601,781,26142,19506
17950,2500,747,207,1913,1985,2601,781,26158,19557
17960,2500,747,207,1913,1985,2601,781,26134,19528
17970,2500,747,207,1913,1985,2601,782,26150,19555
17980,2500,746,207,1913,1985,2601,781,26142,19546
17990,2500,746,207,1912,1985,2601,781,26158,19581
18000,2500,747,207,1912,1985,2601,781,26142,19546
18010,2500,747,207,1912,1985,2601,781,26134,19544
18020,2500,747,207,1912,1985,2601,782,26142,19538
18030,2500,747,207,1912,1985,2601,782,26142,19538
18040,2500,746,207,1912,1985,2601,782,26158,19549
18050,2500,747,207,1913,1985,2601,781,26142,19554
18060,2500,746,207,1913,1985,2601,781,26134,19552
18070,2500,746,207,1913,1985,2601,781,26126,19511
18080,2500,746,207,1912,1985,2601,781,26166,19542
18090,2500,746,207,1912,1985,2601,781,26150,19531
18100,2500,747,207,1912,1985,2601,782,26118,19550
18110,2500,746,207,1912,1985,2601,781,26150,19539
18120,2500,747,207,1912,1985,2601,782,26118,19534
18130,2500,746,207,1912,1985,2601,781,26158,19525
18140,2500,746,207,1912,1985,2601,781,26134,19544
18150,2500,747,207,1912,1985,2601,782,26126,19575
18160,2500,747,207,1912,1985,2601,781,26142,19538
18170,2500,746,207,1912,1985,2601,782,26150,19555
18180,2500,747,207,1912,1984,2601,782,26134,19544
18190,2500,746,207,1912,1985,2601,782,26142,19530
18200,2500,747,207,1912,1985,2601,782,26118,19526
18210,2500,747,207,1912,1985,2601,782,26134,19568
18220,2500,746,207,1912,1985,2601,782,26142,19530
18230,2500,746,207,1912,1984,2601,782,26142,19546
18240,2500,746,207,1912,1984,2601,782,26134,19552
18250,2500,746,207,1912,1985,2601,782,26094,19529
18260,2500,747,207,1912,1984,2601,782,26134,19528
18270,2500,747,207,1912,1984,2601,782,26134,19552
18280,2500,747,207,1912,1984,2601,781,26142,19538
18290,2500,747,207,1912,1984,2601,782,26150,19563
18300,2500,747,207,1912,1984,2601,782,26182,19521
18310,2500,747,207,1913,1984,2601,782,26166,19534
18320,2500,747,207,1912,1984,2601,782,26102,19555
18330,2500,746,207,1912,1984,2601,782,26142,19554
18340,2500,747,207,1912,1984,2601,782,26126,19527
18350,2500,747,207,1912,1984,2601,782,26150,19531
18360,2500,746,207,1912,1984,2601,782,26142,19562
18370,2500,747,207,1912,1984,2601,782,26110,19532
18380,2501,747,207,1912,1984,2601,782,26142,19522
18390,2500,747,207,1912,1984,2601,782,26134,19544
18400,2501,747,207,1912,1984,2601,782,26126,19543
18410,2500,747,207,1912,1984,2601,782,26150,19539
18420,2500,747,207,1912,1984,2601,782,26142,19554
18430,2501,747,207,1912,1984,2601,782,26134,19520
18440,2501,747,207,1912,1984,2601,782,26134,19552
18450,2500,747,207,1912,1984,2601,782,26126,19519
18460,2501,747,207,1912,1984,2601,782,26126,19543
18470,2501,747,207,1912,1984,2601,782,26134,19520
18480,2501,747,207,1912,1984,2601,782,26118,19518
18490,2501,747,207,1912,1984,2601,782,26142,19530
18500,2501,747,207,1912,1984,2601,782,26126,19543
18510,2501,747,207,1912,1984,2601,782,26150,19523
18520,2501,747,207,1912,1984,2601,782,26134,19552
18530,2501,747,207,1912,1984,2601,782,26150,19531
18540,2501,747,207,1912,1984,2601,782,26166,19558
18550,2501,746,207,1912,1984,2601,782,26134,19520
18560,2501,747,207,1912,1984,2601,782,26150,19539
18570,2501,747,207,1912,1984,2601,782,26134,19552
18580,2501,747,207,1912,1984,2601,782,26142,19522
18590,2501,747,207,1912,1984,2601,782,26142,19538
18600,2501,747,207,1912,1984,2601,782,26126,19527
18610,2501,747,207,1912,1984,2601,782,26150,19547
18620,2501,747,207,1912,1984,2601,782,26142,19522
18630,2501,747,207,1912,1984,2601,782,26126,19559
18640,2501,747,207,1912,1984,2601,782,26142,19538
18650,2501,747,207,1912,1984,2601,782,26118,19534
18660,2501,747,207,1912,1984,2601,782,26126,19535
18670,2501,747,207,1912,1984,2601,782,26166,19550
18680,2501,747,207,1912,1984,2601,782,26118,19494
18690,2501,747,207,1912,1984,2601,782,26134,19528
18700,2501,747,207,1912,1984,2601,782,26126,19519
18710,2501,747,207,1912,1984,2601,782,26158,19549
18720,2501,747,207,1912,1984,2601,782,26118,19542
18730,2502,747,207,1912,1984,2601,782,26118,19526
18740,2502,747,207,1912,1984,2601,782,26158,19541
18750,2501,747,207,1912,1984,2601,782,26110,19540
18760,2501,747,207,1912,1984,2601,782,26142,19546
18770,2501,747,207,1912,1984,2601,782,26142,19538
18780,2502,746,207,1912,1984,2601,782,26134,19552
18790,2502,747,207,1912,1984,2601,782,26142,19530
18800,2502,746,207,1912,1984,2601,782,26134,19544
18810,2502,746,207,1912,1984,2601,782,26150,19539
18820,2502,747,207,1912,1984,2601,782,26142,19546
18830,2502,747,207,1912,1984,2601,782,26134,19528
18840,2501,747,207,1912,1984,2601,782,26118,19534
18850,2501,747,207,1912,1984,2601,782,26134,19520
18860,2502,747,207,1912,1984,2601,782,26174,19528
18870,2501,747,207,1912,1984,2601,782,26126,19527
18880,2501,747,207,1912,1984,2601,782,26142,19546
18890,2502,747,207,1912,1984,2601,782,26134,19552
18900,2502,747,207,1912,1983,2601,782,26150,19555
18910,2502,747,207,1912,1984,2601,782,26158,19533
18920,2502,747,207,1912,1984,2601,782,26134,19512
18930,2502,747,207,1912,1984,2601,782,26166,19550
18940,2502,747,207,1912,1984,2601,782,26166,19574
18950,2502,747,207,1912,1984,2601,782,26150,19539
18960,2502,747,207,1912,1983,2601,782,26134,19552
18970,2502,747,207,1912,1983,2601,782,26142,19546
18980,2502,747,207,1912,1983,2601,782,26126,19543
18990,2502,746,207,1912,1983,2601,782,26150,19539
19000,2502,747,207,1912,1983,2601,782,26142,19570
19010,2502,747,207,1912,1983,2601,782,26142,19538
19020,2502,747,207,1912,1983,2601,782,26166,19550
19030,2502,747,207,1912,1983,2601,782,26174,19544
19040,2502,747,207,1912,1983,2601,782,26134,19544
19050,2502,747,207,1912,1984,2601,782,26118,19542
19060,2502,747,207,1912,1983,2601,782,26126,19511
19070,2502,747,207,1912,1983,2601,782,26134,19536
19080,2502,747,207,1912,1983,2601,782,26134,19536
19090,2502,747,207,1912,1983,2601,782,26134,19536
19100,2502,747,207,1912,1983,2601,782,26158,19517
19110,2502,746,207,1912,1983,2601,782,26126,19527
19120,2502,747,207,1912,1983,2601,782,26110,19556
19130,2502,747,207,1912,1983,2601,782,26142,19514
19140,2502,747,207,1912,1983,2601,782,26110,19556
19150,2502,747,207,1912,1983,2601,782,26142,19546
19160,2502,747,207,1912,1983,2601,782,26110,19532
19170,2502,747,207,1912,1983,2601,782,26150,19555
19180,2502,747,207,1912,1983,2601,782,26150,19531
19190,2502,747,207,1912,1983,2601,782,26118,19542
19200,2502,747,207,1912,1983,2601,782,26166,19550
19210,2502,747,207,1912,1983,2601,782,26126,19543
19220,2502,747,207,1912,1983,2601,782,26142,19554
19230,2502,747,207,1912,1983,2601,782,26118,19510
19240,2502,747,207,1912,1983,2601,782,26142,19546
19250,2502,747,207,1912,1983,2601,782,26126,19535
19260,2502,747,207,1912,1983,2601,782,26150,19531
19270,2502,747,207,1912,1983,2601,782,26142,19546
19280,2502,747,207,1912,1983,2601,782,26126,19543
19290,2502,746,207,1912,1983,2601,782,26126,19559
19300,2502,747,207,1912,1983,2601,782,26158,19549
19310,2502,747,207,1912,1983,2601,782,26134,19536
19320,2502,747,207,1912,1983,2601,782,26158,19517
19330,2502,747,207,1912,1983,2601,782,26142,19522
19340,2502,747,207,1912,1983,2601,782,26150,19539
19350,2502,747,207,1912,1983,2601,782,26158,19541
19360,2502,747,207,1912,1983,2601,782,26126,19527
19370,2503,747,207,1912,1983,2601,782,26126,19527
19380,2503,747,207,1912,1983,2601,782,26158,19557
19390,2503,747,207,1912,1983,2601,782,26150,19571
19400,2502,747,207,1912,1983,2601,782,26158,19525
19410,2503,747,207,1912,1983,2601,782,26166,19550
19420,2503,747,207,1912,1983,2601,782,26166,19566
19430,2502,747,207,1912,1983,2601,782,26134,19552
19440,2502,747,207,1912,1983,2601,782,26158,19533
19450,2503,747,207,1912,1983,2601,782,26118,19558
19460,2502,747,207,1912,1983,2601,782,26126,19551
19470,2503,747,207,1912,1983,2601,782,26174,19536
19480,2503,747,207,1912,1983,2601,782,26118,19542
19490,2504,747,207,1912,1983,2601,782,26142,19538
19500,2503,747,207,1912,1983,2601,782,26134,19528
19510,2503,747,207,1912,1983,2601,782,26134,19544
19520,2504,747,207,1912,1983,2601,782,26142,19514
19530,2504,747,207,1912,1983,2601,782,26150,19547
19540,2504,747,207,1912,1983,2601,782,26142,19546
19550,2504,747,207,1912,1983,2601,782,26134,19560
19560,2504,747,207,1912,1983,2601,782,26158,19549
19570,2503,747,207,1912,1983,2601,782,26134,19520
19580,2503,747,207,1912,1983,2601,782,26142,19554
19590,2504,747,207,1912,1983,2601,782,26142,19554
19600,2504,747,207,1912,1983,2601,782,26134,19544
19610,2504,747,207,1912,1983,2601,782,26126,19543
19620,2504,747,207,1912,1983,2601,782,26134,19544
19630,2504,747,207,1912,1983,2601,782,26150,19547
19640,2504,747,207,1912,1983,2601,782,26126,19527
19650,2504,747,207,1912,1983,2601,782,26166,19534
19660,2504,747,207,1912,1983,2601,782,26134,19528
19670,2504,747,207,1912,1983,2601,782,26158,19549
19680,2504,747,207,1912,1983,2601,782,26142,19546
19690,2504,747,207,1912,1982,2601,782,26118,19534
19700,2504,747,207,1912,1982,2601,782,26158,19533
19710,2504,747,207,1912,1982,2601,782,26134,19536
19720,2504,747,207,1912,1982,2601,782,26158,19565
19730,2504,747,207,1912,1982,2601,782,26102,19539
19740,2504,747,207,1912,1982,2601,782,26126,19535
19750,2504,747,207,1912,1982,2601,782,26126,19543
19760,2504,747,207,1912,1982,2601,782,26150,19555
19770,2504,747,207,1912,1983,2601,782,26150,19563
19780,2504,747,207,1912,1982,2601,782,26142,19554
19790,2504,747,207,1912,1982,2601,782,26142,19546
19800,2504,747,207,1912,1983,2601,782,26166,19558
19810,2504,747,207,1912,1982,2601,782,26150,19539
19820,2504,747,207,1912,1982,2601,782,26142,19562
19830,2504,747,207,1912,1982,2601,782,26142,19530
19840,2504,747,207,1912,1982,2601,782,26150,19547
19850,2504,747,207,1912,1982,2601,782,26126,19543
19860,2504,747,207,1912,1982,2601,782,26158,19549
19870,2504,747,207,1912,1982,2601,782,26158,19557
19880,2504,747,207,1912,1982,2601,782,26118,19526
19890,2504,746,207,1912,1982,2601,782,26142,19546
19900,2504,747,207,1912,1982,2601,782,26126,19511
19910,2504,747,207,1912,1982,2601,782,26142,19538
19920,2504,747,207,1912,1982,2601,782,26142,19546
19930,2504,747,207,1912,1982,2601,782,26134,19544
19940,2504,747,207,1912,1982,2601,782,26134,19528
19950,2504,747,207,1912,1982,2601,782,26102,19507
19960,2504,746,207,1912,1982,2601,782,26158,19549
19970,2504,746,207,1912,1982,2601,782,26134,19560
19980,2504,747,207,1912,1982,2601,782,26150,19563
19990,2504,746,207,1912,1982,2601,782,26150,19539
20000,2504,747,207,1912,1982,2601,782,26158,19549
20010,2504,747,207,1912,1982,2601,782,26126,19551
20020,2504,747,207,1912,1982,2601,782,26118,19550
20030,2504,747,207,1912,1982,2601,782,26158,19541
20040,2504,747,207,1912,1982,2601,782,26126,19535
20050,2504,747,207,1912,1982,2601,782,26150,19539
20060,2504,747,207,1912,1982,2601,782,26126,19543
20070,2504,747,207,1912,1982,2601,782,26150,19571
20080,2504,747,207,1912,1982,2601,782,26150,19547
20090,2504,747,207,1912,1982,2601,782,26150,19563
20100,2504,747,207,1912,1982,2601,782,26158,19541
20110,2504,747,207,1912,1982,2601,782,26142,19530
20120,2504,747,207,1912,1982,2601,782,26126,19551
20130,2504,747,207,1912,1982,2601,782,26134,19536
20140,2504,746,207,1912,1982,2601,782,26134,19528
20150,2504,747,207,1912,1982,2601,782,26182,19553
20160,2504,746,207,1912,1982,2601,782,26150,19555
20170,2504,746,207,1912,1982,2601,782,26174,19544
20180,2504,747,207,1912,1982,2601,782,26142,19554
20190,2504,747,207,1912,1982,2601,782,26150,19547
20200,2504,747,207,1912,1982,2601,782,26142,19546
20210,2504,746,207,1912,1982,2601,782,26102,19523
20220,2504,747,207,1912,1982,2601,782,26150,19571
20230,2504,747,207,1912,1982,2601,782,26142,19562
20240,2504,747,207,1912,1982,2601,782,26134,19544
20250,2504,747,207,1912,1982,2601,782,26166,19542
20260,2504,747,207,1912,1982,2601,782,26142,19562
20270,2505,747,207,1912,1982,2601,782,26118,19518
20280,2504,747,207,1912,1982,2601,782,26158,19533
20290,2504,747,207,1912,1982,2601,782,26126,19575
20300,2504,747,207,1912,1982,2601,782,26110,19540
20310,2504,747,207,1912,1982,2601,782,26142,19522
20320,2504,747,207,1912,1982,2601,782,26134,19560
20330,2505,747,207,1912,1982,2601,782,26134,19552
20340,2505,747,207,1912,1982,2601,782,26158,19573
20350,2505,747,207,1912,1982,2601,782,26118,19526
20360,2504,747,207,1912,1982,2601,782,26134,19536
20370,2505,747,207,1912,1982,2601,782,26150,19563
20380,2505,747,207,1912,1982,2601,782,26134,19544
20390,2505,747,207,1912,1982,2601,782,26150,19539
20400,2505,747,207,1912,1982,2601,782,26142,19546
20410,2505,747,207,1912,1982,2601,782,26142,19546
20420,2505,747,207,1912,1981,2601,782,26142,19530
20430,2505,747,207,1912,1982,2601,782,26126,19535
20440,2505,747,207,1912,1982,2601,782,26118,19550
20450,2505,747,207,1912,1982,2601,782,26118,19534
20460,2505,747,207,1912,1982,2601,782,26134,19552
20470,2505,747,207,1912,1982,2601,782,26134,19552
20480,2505,747,207,1912,1981,2601,782,26174,19568
20490,2505,747,207,1912,1981,2601,782,26150,19539
20500,2505,747,207,1912,1981,2601,782,26118,19558
20510,2505,747,207,1912,1981,2601,782,26150,19539
20520,2505,747,207,1912,1982,2601,782,26150,19547
20530,2505,747,207,1912,1982,2601,782,26134,19544
20540,2505,747,207,1912,1981,2601,782,26142,19554
20550,2505,747,207,1912,1981,2601,782,26166,19542
20560,2505,747,207,1912,1981,2601,783,26110,19532
20570,2505,747,207,1912,1981,2601,782,26142,19554
20580,2505,747,207,1912,1981,2601,782,26142,19570
20590,2505,747,207,1912,1981,2601,782,26126,19543
20600,2505,747,207,1912,1981,2601,782,26134,19544
20610,2505,747,207,1912,1981,2601,782,26158,19541
20620,2505,747,207,1912,1981,2601,782,26126,19551
20630,2506,746,207,1912,1981,2601,782,26118,19534
20640,2505,746,207,1912,1981,2601,782,26150,19539
20650,2505,746,207,1912,1981,2601,782,26134,19536
20660,2506,747,207,1912,1981,2601,783,26150,19547
20670,2505,747,207,1912,1981,2601,782,26150,19515
20680,2505,747,207,1912,1981,2601,782,26142,19554
20690,2506,747,207,1912,1981,2601,782,26134,19512
20700,2506,747,207,1912,1981,2601,782,26126,19551
20710,2505,747,207,1912,1981,2601,782,26150,19547
20720,2506,747,207,1912,1981,2601,782,26158,19557
20730,2505,747,207,1912,1981,2601,782,26126,19551
20740,2506,747,207,1912,1981,2601,782,26166,19566
20750,2505,747,207,1912,1981,2601,782,26158,19525
20760,2506,747,207,1912,1981,2601,782,26142,19554
20770,2506,747,207,1912,1981,2601,782,26126,19551
20780,2506,747,207,1912,1981,2601,782,26126,19543
20790,2506,747,207,1912,1981,2601,782,26158,19517
20800,2506,747,207,1912,1981,2601,782,26150,19539
20810,2505,747,207,1912,1981,2601,782,26110,19540
20820,2505,747,207,1912,1981,2601,782,26126,19559
20830,2506,746,207,1912,1981,2601,783,26150,19563
20840,2506,747,207,1912,1981,2601,782,26174,19552
20850,2506,747,207,1912,1981,2601,782,26134,19544
20860,2506,746,207,1912,1981,2601,783,26142,19530
20870,2506,747,207,1912,1981,2601,782,26158,19549
20880,2506,747,207,1912,1981,2601,782,26174,19544
20890,2506,747,207,1912,1981,2601,782,26166,19550
20900,2506,747,207,1912,1981,2601,782,26158,19541
20910,2506,747,207,1912,1981,2601,783,26158,19573
20920,2506,747,207,1912,1981,2601,783,26142,19546
20930,2506,747,207,1912,1981,2601,783,26150,19531
20940,2506,747,207,1912,1981,2601,782,26126,19543
20950,2506,747,207,1912,1981,2601,783,26142,19530
20960,2506,747,207,1912,1981,2601,783,26150,19547
20970,2506,747,207,1912,1981,2601,782,26166,19558
20980,2506,747,207,1912,1981,2601,782,26150,19563
20990,2506,746,207,1912,1981,2601,783,26118,19534
21000,2506,747,207,1912,1981,2601,783,26182,19569
21010,2506,747,207,1912,1981,2601,783,26118,19526
21020,2506,747,207,1912,1981,2601,783,26126,19519
21030,2506,746,207,1912,1981,2601,783,26150,19555
21040,2506,746,207,1912,1981,2601,783,26142,19538
21050,2506,746,207,1912,1981,2601,782,26142,19554
21060,2506,746,207,1912,1981,2601,783,26158,19549
21070,2506,746,207,1912,1981,2601,783,26150,19547
21080,2506,746,207,1912,1981,2601,783,26126,19559
21090,2506,746,207,1912,1981,2601,783,26142,19546
21100,2506,747,207,1912,1981,2601,783,26118,19534
21110,2506,747,207,1912,1981,2601,783,26142,19570
21120,2506,746,207,1912,1981,2601,783,26174,19552
21130,2506,746,207,1912,1981,2601,783,26158,19533
21140,2506,747,207,1912,1981,2601,783,26142,19538
21150,2506,747,207,1912,1981,2601,783,26134,19544
21160,2506,746,207,1912,1981,2601,783,26134,19520
21170,2506,746,207,1912,1981,2601,783,26150,19531
21180,2506,747,207,1912,1981,2601,783,26142,19530
21190,2506,747,207,1912,1981,2601,783,26118,19542
21200,2506,747,207,1912,1981,2601,783,26134,19536
21210,2506,747,207,1912,1981,2601,783,26118,19566
21220,2506,746,207,1912,1981,2601,783,26118,19542
21230,2506,747,207,1912,1980,2601,783,26166,19542
21240,2506,747,207,1912,1981,2601,783,26150,19563
21250,2506,746,207,1913,1981,2601,783,26150,19571
21260,2506,746,207,1912,1981,2601,783,26126,19559
21270,2507,746,207,1912,1981,2601,783,26142,19554
21280,2506,746,207,1912,1981,2601,783,26166,19550
21290,2507,747,207,1912,1980,2601,783,26134,19544
21300,2507,746,207,1912,1980,2601,783,26134,19552
21310,2506,746,207,1912,1980,2601,783,26150,19547
21320,2507,747,207,1912,1980,2601,783,26158,19541
21330,2507,746,207,1912,1980,2601,783,26166,19550
21340,2507,747,207,1912,1980,2601,783,26142,19530
21350,2506,746,207,1912,1980,2601,783,26134,19528
21360,2506,746,207,1912,1980,2601,783,26158,19541
21370,2506,747,207,1912,1980,2601,783,26158,19533
21380,2507,746,207,1912,1980,2601,783,26126,19543
21390,2507,746,207,1912,1980,2601,783,26134,19544
21400,2507,747,207,1912,1980,2601,783,26166,19518
21410,2507,747,207,1912,1980,2601,783,26142,19562
21420,2507,747,207,1912,1980,2601,783,26126,19551
21430,2507,747,207,1912,1980,2601,783,26142,19546
21440,2506,746,207,1912,1980,2601,783,26142,19562
21450,2507,746,207,1912,1980,2601,783,26150,19539
21460,2507,747,207,1912,1980,2601,783,26142,19546
21470,2507,746,207,1912,1980,2601,783,26126,19551
21480,2507,746,207,1912,1980,2601,783,26126,19527
21490,2507,747,207,1912,1980,2600,783,26150,19539
21500,2507,747,207,1912,1980,2601,783,26166,19534
21510,2507,747,207,1912,1980,2601,783,26118,19582
21520,2507,747,207,1912,1980,2601,783,26134,19536
21530,2507,747,207,1912,1980,2601,783,26110,19540
21540,2507,747,207,1912,1980,2601,783,26126,19559
21550,2507,747,207,1912,1980,2601,783,26142,19546
21560,2507,746,207,1912,1980,2601,783,26158,19557
21570,2507,747,207,1912,1980,2601,783,26158,19549
21580,2507,746,207,1912,1980,2601,783,26158,19533
21590,2507,746,207,1912,1980,2601,783,26118,19550
21600,2507,747,207,1912,1980,2601,783,26158,19525
21610,2507,746,207,1912,1980,2601,783,26134,19552
21620,2507,746,207,1912,1980,2601,783,26150,19523
21630,2508,746,207,1913,1980,2601,783,26110,19548
21640,2508,746,207,1912,1980,2601,783,26142,19546
21650,2507,746,207,1912,1980,2601,783,26134,19528
21660,2507,747,207,1913,1980,2601,783,26134,19536
21670,2507,746,207,1912,1980,2601,783,26158,19541
21680,2508,746,207,1912,1980,2601,783,26126,19535
21690,2507,746,207,1913,1980,2601,783,26094,19521
21700,2508,746,207,1912,1980,2601,783,26126,19559
21710,2508,747,207,1913,1980,2601,783,26142,19530
21720,2508,746,207,1912,1980,2601,783,26134,19552
21730,2507,746,207,1912,1980,2601,783,26110,19548
21740,2508,746,207,1912,1980,2601,783,26158,19557
21750,2508,746,207,1912,1980,2601,783,26158,19541
21760,2508,746,207,1912,1980,2601,783,26126,19543
21770,2508,746,207,1912,1980,2601,783,26158,19557
21780,2508,746,207,1912,1980,2601,783,26158,19549
21790,2508,746,207,1912,1980,2601,783,26142,19538
21800,2508,746,207,1913,1980,2601,783,26150,19547
21810,2508,746,207,1912,1980,2600,783,26150,19547
21820,2508,746,207,1912,1980,2601,783,26150,19523
21830,2508,746,207,1912,1980,2601,783,26150,19523
21840,2508,746,207,1912,1980,2601,783,26150,19555
21850,2508,746,207,1912,1980,2601,783,26158,19549
21860,2508,746,207,1912,1980,2601,783,26118,19558
21870,2508,746,207,1912,1980,2601,783,26150,19539
21880,2508,746,207,1912,1980,2601,783,26150,19531
21890,2508,746,207,1912,1980,2601,783,26110,19540
21900,2508,746,207,1912,1980,2601,783,26142,19546
21910,2508,747,207,1912,1980,2601,783,26110,19540
21920,2508,746,207,1912,1980,2601,783,26150,19555
21930,2508,747,207,1912,1980,2601,783,26166,19558
21940,2508,746,207,1912,1980,2601,783,26142,19554
21950,2508,746,207,1912,1980,2601,783,26134,19560
21960,2508,747,207,1912,1980,2601,783,26158,19541
21970,2508,746,207,1912,1980,2601,783,26142,19546
21980,2508,746,207,1912,1980,2601,783,26134,19544
21990,2508,746,207,1912,1980,2601,783,26134,19544
22000,2508,747,207,1912,1980,2601,783,26142,19530
22010,2508,747,207,1912,1980,2601,783,26134,19552
22020,2508,746,207,1912,1980,2600,783,26150,19555
22030,2508,746,207,1912,1980,2601,783,26110,19540
22040,2508,747,207,1912,1980,2601,783,26142,19562
22050,2508,746,207,1912,1980,2601,783,26158,19525
22060,2508,746,207,1912,1980,2600,783,26150,19555
22070,2508,747,207,1912,1980,2601,783,26102,19539
22080,2508,746,207,1912,1980,2601,783,26150,19539
22090,2508,747,207,1912,1980,2601,783,26134,19552
22100,2508,746,207,1912,1980,2601,783,26158,19541
22110,2508,746,207,1912,1979,2601,783,26142,19562
22120,2508,746,207,1912,1979,2601,783,26150,19547
22130,2508,746,207,1913,1979,2600,783,26118,19550
22140,2508,746,207,1912,1979,2601,783,26150,19539
22150,2508,746,207,1912,1979,2601,783,26126,19535
22160,2508,746,207,1912,1979,2601,783,26158,19557
22170,2508,746,207,1912,1980,2601,783,26134,19536
22180,2508,747,207,1912,1980,2601,783,26142,19554
22190,2508,747,207,1912,1979,2600,783,26158,19541
22200,2508,747,207,1912,1979,2601,783,26142,19554
22210,2508,746,207,1912,1979,2601,783,26134,19576
22220,2508,747,207,1912,1979,2601,783,26150,19547
22230,2508,747,207,1912,1979,2601,783,26182,19553
22240,2508,747,207,1912,1979,2601,783,26118,19558
22250,2508,747,207,1913,1979,2601,783,26174,19560
22260,2508,747,207,1912,1979,2601,783,26134,19560
22270,2508,747,207,1912,1979,2601,783,26134,19528
22280,2508,747,207,1912,1979,2600,783,26142,19554
22290,2508,747,207,1912,1979,2601,783,26126,19535
22300,2508,747,207,1912,1979,2601,783,26158,19549
22310,2508,746,207,1912,1979,2600,783,26150,19523
22320,2508,747,207,1912,1979,2601,783,26166,19550
22330,2508,747,207,1912,1979,2601,783,26142,19538
22340,2508,746,207,1912,1979,2600,783,26126,19551
22350,2509,747,207,1912,1979,2601,783,26158,19549
22360,2508,746,207,1912,1979,2601,783,26150,19563
22370,2508,747,207,1912,1979,2601,783,26158,19565
22380,2508,747,207,1912,1979,2600,783,26126,19551
22390,2508,747,207,1912,1979,2601,783,26134,19552
22400,2508,747,207,1912,1979,2601,783,26134,19560
22410,2509,747,207,1912,1979,2601,783,26150,19539
22420,2509,747,207,1912,1979,2601,783,26142,19546
22430,2509,746,207,1912,1979,2600,783,26158,19565
22440,2508,746,207,1913,1979,2600,783,26150,19539
22450,2509,747,207,1912,1979,2601,783,26166,19558
22460,2509,746,207,1912,1979,2601,783,26142,19546
22470,2509,746,207,1912,1979,2601,783,26134,19568
22480,2509,746,207,1912,1979,2601,783,26166,19566
22490,2509,746,207,1912,1979,2601,783,26150,19555
22500,2509,746,207,1912,1979,2600,783,26142,19546
22510,2509,747,207,1912,1979,2600,783,26110,19564
22520,2509,746,207,1912,1979,2601,783,26142,19554
22530,2509,746,207,1912,1979,2600,783,26150,19579
22540,2509,746,207,1912,1979,2601,783,26134,19544
22550,2509,747,207,1912,1979,2601,783,26118,19534
22560,2509,746,207,1912,1979,2601,783,26158,19565
22570,2509,746,207,1912,1979,2601,783,26126,19543
22580,2509,747,207,1912,1979,2601,783,26166,19558
22590,2509,746,207,1912,1979,2600,783,26134,19544
22600,2509,746,207,1913,1979,2601,783,26142,19554
22610,2509,746,207,1912,1979,2600,783,26134,19568
22620,2509,746,207,1912,1979,2601,783,26150,19555
22630,2509,746,207,1912,1979,2601,783,26118,19542
22640,2509,747,207,1913,1979,2601,783,26150,19555
22650,2509,746,207,1912,1979,2601,783,26134,19552
22660,2509,746,207,1912,1979,2600,783,26150,19571
22670,2509,746,207,1912,1979,2601,783,26150,19539
22680,2509,746,207,1912,1979,2601,783,26134,19552
22690,2509,746,207,1912,1979,2601,783,26174,19568
22700,2509,747,207,1912,1979,2601,783,26166,19534
22710,2509,747,207,1912,1979,2601,783,26126,19551
22720,2509,746,207,1912,1979,2601,783,26142,19554
22730,2509,746,207,1912,1979,2601,783,26118,19542
22740,2509,747,207,1912,1979,2601,783,26150,19555
22750,2509,746,207,1912,1979,2601,783,26134,19536
22760,2509,746,207,1913,1979,2600,783,26142,19546
22770,2509,746,207,1912,1979,2600,783,26110,19548
22780,2510,746,207,1912,1979,2600,783,26150,19555
22790,2509,746,207,1912,1979,2601,783,26150,19555
22800,2509,746,207,1912,1979,2600,783,26158,19541
22810,2509,747,207,1912,1979,2600,783,26142,19554
22820,2510,746,207,1912,1979,2601,783,26126,19551
22830,2510,746,207,1912,1979,2600,783,26150,19555
22840,2510,746,207,1912,1979,2600,783,26166,19566
22850,2510,746,207,1912,1978,2601,783,26142,19554
22860,2509,746,207,1912,1978,2600,783,26166,19550
22870,2510,746,207,1912,1979,2600,783,26134,19536
22880,2510,746,207,1912,1978,2601,783,26150,19555
22890,2510,746,207,1912,1979,2601,783,26158,19541
22900,2510,746,207,1912,1978,2600,783,26166,19542
22910,2510,746,207,1912,1978,2601,783,26142,19570
22920,2510,746,207,1912,1978,2600,783,26142,19570
22930,2509,746,207,1912,1979,2600,783,26166,19534
22940,2510,746,207,1912,1978,2600,783,26134,19552
22950,2510,746,207,1912,1978,2601,783,26118,19558
22960,2510,746,207,1912,1978,2601,783,26134,19544
22970,2510,746,207,1912,1978,2600,783,26158,19557
22980,2510,746,207,1912,1978,2600,783,26150,19563
22990,2510,746,207,1912,1978,2600,783,26142,19538
23000,2510,746,207,1912,1979,2601,783,26158,19557
23010,2510,746,207,1912,1978,2600,783,26150,19571
23020,2510,746,207,1912,1978,2600,783,26134,19544
23030,2510,746,207,1912,1978,2600,783,26142,19562
23040,2510,746,207,1912,1978,2600,783,26158,19565
23050,2510,746,207,1912,1978,2600,783,26134,19544
23060,2510,746,207,1912,1978,2600,783,26166,19534
23070,2510,746,207,1912,1978,2601,784,26142,19570
23080,2510,746,207,1912,1978,2600,783,26150,19547
23090,2510,746,207,1912,1978,2600,783,26158,19549
23100,2510,746,207,1912,1978,2600,783,26134,19568
23110,2510,746,207,1912,1978,2600,783,26142,19554
23120,2510,746,207,1912,1978,2600,784,26158,19557
23130,2510,746,207,1912,1978,2601,784,26134,19528
23140,2510,746,207,1912,1978,2600,783,26142,19546
23150,2510,746,207,1912,1978,2600,783,26118,19542
23160,2510,746,207,1912,1978,2600,783,26142,19562
23170,2510,746,207,1912,1978,2600,783,26150,19547
23180,2510,746,207,1912,1978,2600,783,26150,19571
23190,2510,746,207,1912,1978,2600,784,26158,19549
23200,2510,746,207,1912,1978,2601,783,26150,19555
23210,2510,746,207,1912,1978,2600,783,26134,19552
23220,2510,747,207,1912,1978,2601,783,26158,19557
23230,2510,746,207,1912,1978,2600,783,26102,19539
23240,2510,746,207,1912,1978,2601,783,26142,19554
23250,2510,746,207,1912,1978,2600,783,26142,19570
23260,2510,746,207,1912,1978,2600,783,26158,19541
23270,2510,746,207,1912,1978,2601,783,26142,19562
23280,2510,746,207,1912,1978,2600,784,26158,19573
23290,2510,746,207,1912,1978,2600,784,26166,19550
23300,2510,746,207,1912,1978,2601,783,26158,19541
23310,2510,746,207,1912,1978,2600,783,26150,19539
23320,2510,746,207,1912,1978,2600,783,26126,19543
23330,2510,746,207,1912,1978,2600,784,26158,19565
23340,2510,746,207,1912,1978,2600,784,26118,19542
23350,2510,746,207,1912,1978,2601,783,26134,19552
23360,2510,746,207,1912,1978,2600,783,26118,19558
23370,2510,746,207,1912,1978,2600,783,26126,19551
23380,2510,746,207,1912,1978,2600,783,26134,19544
23390,2510,746,207,1912,1978,2600,784,26134,19528
23400,2510,746,207,1912,1978,2600,784,26134,19544
23410,2511,747,207,1912,1978,2600,783,26126,19535
23420,2511,746,207,1912,1978,2600,784,26110,19556
23430,2510,747,207,1912,1978,2600,784,26110,19556
23440,2510,746,207,1912,1978,2600,784,26166,19566
23450,2511,746,207,1912,1978,2600,784,26134,19544
23460,2511,746,207,1912,1978,2600,784,26150,19555
23470,2512,746,207,1912,1978,2600,784,26150,19563
23480,2510,746,207,1912,1978,2600,784,26166,19558
23490,2511,746,207,1912,1978,2600,784,26158,19541
23500,2512,746,207,1912,1978,2600,784,26126,19559
23510,2511,746,207,1912,1978,2600,784,26150,19547
23520,2511,746,207,1912,1978,2600,784,26142,19554
23530,2511,746,207,1912,1978,2601,783,26134,19544
23540,2511,746,207,1913,1978,2600,783,26110,19556
23550,2510,746,207,1912,1978,2600,784,26118,19566
23560,2511,746,207,1912,1978,2600,784,26158,19565
23570,2512,746,207,1912,1978,2600,784,26126,19559
23580,2512,746,207,1912,1978,2600,784,26134,19560
23590,2511,746,207,1912,1978,2600,784,26102,19547
23600,2512,746,207,1912,1978,2600,784,26142,19546
23610,2512,746,207,1912,1978,2600,784,26134,19576
23620,2512,746,207,1912,1978,2600,784,26126,19535
23630,2512,746,207,1912,1978,2600,784,26166,19550
23640,2512,746,207,1912,1978,2600,784,26158,19541
23650,2512,746,207,1912,1978,2600,784,26166,19550
23660,2512,746,207,1912,1978,2600,784,26158,19557
23670,2512,746,207,1912,1978,2600,784,26134,19536
23680,2512,746,207,1912,1977,2600,784,26142,19562
23690,2512,746,207,1912,1978,2600,784,26134,19552
23700,2512,746,207,1912,1978,2600,784,26126,19535
23710,2512,746,207,1912,1977,2600,784,26166,19534
23720,2512,746,207,1913,1977,2600,784,26174,19552
23730,2512,746,207,1912,1978,2600,784,26182,19537
23740,2512,746,207,1912,1978,2600,784,26142,19538
23750,2512,746,207,1912,1978,2600,784,26158,19541
23760,2512,746,207,1912,1977,2600,784,26150,19547
23770,2512,746,207,1912,1978,2601,784,26150,19555
23780,2512,746,207,1912,1977,2601,784,26182,19537
23790,2512,746,207,1912,1977,2600,784,26134,19552
23800,2512,746,207,1912,1978,2600,784,26134,19552
23810,2512,746,207,1912,1977,2600,784,26134,19544
23820,2512,746,207,1912,1977,2600,784,26166,19550
23830,2512,746,207,1912,1977,2600,784,26158,19549
23840,2512,746,207,1912,1977,2600,784,26150,19547
23850,2512,746,207,1912,1977,2600,784,26150,19563
23860,2512,746,207,1912,1977,2600,784,26150,19547
23870,2512,746,207,1912,1977,2600,784,26166,19566
23880,2512,746,207,1913,1977,2600,784,26126,19559
23890,2512,746,207,1912,1977,2600,784,26118,19558
23900,2512,746,207,1912,1977,2600,784,26118,19542
23910,2512,746,207,1912,1977,2600,784,26182,19537
23920,2512,746,207,1912,1977,2600,784,26150,19563
23930,2512,746,207,1912,1977,2600,784,26158,19541
23940,2512,746,207,1913,1977,2600,784,26134,19576
23950,2512,746,207,1912,1977,2600,784,26126,19567
23960,2512,746,207,1912,1977,2600,784,26150,19563
23970,2512,746,207,1913,1977,2600,784,26110,19540
23980,2512,746,207,1913,1977,2600,784,26158,19565
23990,2512,746,207,1912,1977,2600,784,26150,19563
24000,2512,746,207,1912,1977,2601,784,26150,19555
24010,2512,746,207,1912,1977,2600,784,26150,19579
24020,2512,746,207,1912,1977,2600,784,26142,19546
24030,2512,746,207,1912,1977,2600,784,26174,19568
24040,2512,746,207,1912,1977,2600,784,26158,19565
24050,2512,746,207,1912,1977,2600,784,26134,19552
24060,2512,746,207,1912,1977,2600,784,26142,19538
24070,2512,746,207,1912,1977,2600,784,26142,19554
24080,2512,746,207,1912,1977,2600,784,26158,19541
24090,2512,746,207,1912,1977,2600,784,26150,19555
24100,2512,746,207,1912,1977,2600,784,26134,19552
24110,2512,746,207,1912,1977,2600,784,26166,19566
24120,2512,746,207,1912,1977,2600,784,26126,19567
24130,2512,746,207,1912,1977,2600,784,26142,19538
24140,2512,746,207,1912,1977,2600,784,26134,19584
24150,2512,746,207,1912,1977,2600,784,26174,19552
24160,2512,746,207,1912,1977,2600,784,26150,19555
24170,2512,746,207,1912,1977,2600,784,26134,19560
24180,2512,746,207,1912,1977,2600,784,26158,19549
24190,2512,746,207,1912,1977,2600,784,26142,19562
24200,2512,746,207,1912,1977,2600,784,26166,19582
24210,2512,746,207,1912,1977,2600,784,26150,19547
24220,2512,746,207,1912,1977,2600,784,26134,19560
24230,2512,746,207,1912,1977,2600,784,26134,19552
24240,2512,746,207,1912,1977,2600,784,26166,19558
24250,2512,746,207,1912,1977,2600,784,26150,19539
24260,2512,746,207,1912,1977,2600,784,26150,19563
24270,2512,746,207,1912,1977,2600,784,26150,19555
24280,2512,746,207,1912,1977,2600,784,26142,19578
24290,2512,746,207,1912,1977,2600,784,26174,19560
24300,2512,746,207,1912,1977,2600,784,26142,19538
24310,2512,746,207,1912,1977,2600,784,26142,19546
24320,2512,746,207,1912,1977,2600,784,26174,19528
24330,2512,746,207,1912,1977,2600,784,26158,19557
24340,2513,746,207,1912,1977,2600,784,26118,19542
24350,2512,746,207,1912,1977,2600,784,26134,19552
24360,2512,746,207,1912,1977,2600,784,26134,19560
24370,2512,746,207,1912,1977,2600,784,26150,19531
24380,2512,746,207,1912,1977,2600,784,26150,19571
24390,2512,746,207,1912,1977,2600,784,26158,19533
24400,2512,746,207,1912,1977,2600,784,26134,19536
24410,2512,746,207,1912,1977,2600,784,26150,19547
24420,2512,746,207,1912,1977,2600,784,26142,19570
24430,2512,746,207,1912,1977,2600,784,26126,19559
24440,2512,746,207,1912,1977,2600,784,26150,19563
24450,2512,746,207,1912,1977,2600,784,26158,19557
24460,2512,746,207,1912,1977,2600,784,26134,19544
24470,2512,747,207,1912,1977,2600,784,26142,19554
24480,2512,746,207,1912,1977,2600,784,26102,19547
24490,2513,746,207,1912,1977,2600,784,26174,19560
24500,2512,747,207,1912,1977,2600,784,26142,19554
24510,2513,746,207,1912,1977,2600,784,26126,19543
24520,2513,746,207,1912,1977,2600,784,26166,19542
24530,2513,746,207,1912,1977,2600,784,26126,19559
24540,2513,746,207,1912,1977,2600,784,26118,19566
24550,2513,746,207,1912,1977,2600,784,26150,19539
24560,2512,746,207,1913,1977,2600,784,26142,19562
24570,2513,746,207,1912,1977,2600,784,26134,19560
24580,2513,746,207,1912,1977,2600,784,26150,19547
24590,2513,746,207,1912,1977,2600,784,26134,19552
24600,2513,746,207,1912,1977,2600,784,26166,19566
24610,2513,746,207,1912,1977,2600,784,26158,19541
24620,2513,746,207,1912,1977,2600,784,26142,19538
24630,2513,746,207,1912,1976,2600,784,26126,19559
24640,2513,746,207,1912,1976,2600,784,26158,19557
24650,2513,746,207,1912,1976,2600,784,26150,19571
24660,2513,746,207,1912,1976,2600,784,26126,19535
24670,2513,746,207,1912,1977,2600,784,26142,19562
24680,2513,746,207,1912,1976,2600,784,26118,19534
24690,2513,746,207,1912,1976,2600,784,26150,19547
24700,2513,747,207,1912,1976,2600,784,26134,19568
24710,2513,746,207,1912,1976,2600,784,26166,19582
24720,2513,746,207,1912,1976,2600,784,26158,19565
24730,2513,746,207,1912,1976,2600,784,26118,19534
24740,2513,746,207,1912,1976,2600,784,26142,19538
24750,2513,746,207,1912,1976,2600,784,26142,19562
24760,2513,746,207,1912,1976,2600,784,26150,19539
24770,2513,746,207,1912,1976,2600,784,26158,19573
24780,2514,746,207,1912,1976,2600,784,26166,19526
24790,2513,746,207,1913,1976,2600,784,26150,19523
24800,2513,746,207,1912,1976,2600,784,26142,19570
24810,2513,747,207,1912,1976,2600,784,26150,19547
24820,2513,746,207,1912,1976,2600,784,26174,19576
24830,2513,747,207,1912,1976,2600,784,26134,19544
24840,2513,746,207,1912,1976,2600,784,26142,19546
24850,2513,746,207,1912,1976,2600,784,26150,19579
24860,2513,746,207,1912,1976,2600,784,26150,19555
24870,2513,746,207,1912,1976,2600,784,26134,19552
24880,2513,746,207,1913,1976,2600,784,26142,19562
24890,2513,746,207,1912,1976,2600,784,26134,19568
24900,2514,746,207,1912,1976,2601,784,26142,19546
24910,2513,746,207,1912,1976,2600,784,26118,19558
24920,2513,746,207,1912,1976,2600,784,26142,19578
24930,2513,746,207,1912,1976,2600,784,26110,19540
24940,2514,747,207,1912,1976,2600,784,26158,19525
24950,2514,746,207,1912,1976,2600,784,26150,19547
24960,2514,746,207,1912,1976,2600,784,26142,19562
24970,2514,746,207,1912,1976,2600,784,26134,19544
24980,2514,746,207,1912,1976,2600,784,26150,19555
24990,2514,746,207,1912,1976,2600,784,26158,19565
25000,2514,746,207,1912,1976,2600,784,26166,19550
25010,2514,746,207,1912,1976,2600,784,26158,19557
25020,2514,746,207,1912,1976,2600,784,26150,19579
25030,2514,746,207,1912,1976,2600,784,26142,19554
25040,2514,746,207,1912,1976,2600,784,26126,19543
25050,2514,746,207,1912,1976,2600,784,26126,19551
25060,2514,746,207,1912,1976,2600,784,26166,19566
25070,2514,746,207,1912,1976,2600,784,26110,19540
25080,2514,746,207,1912,1976,2600,784,26134,19544
25090,2514,746,207,1912,1976,2600,784,26134,19552
25100,2514,746,207,1912,1976,2600,784,26126,19567
25110,2514,746,207,1912,1976,2600,784,26150,19563
25120,2514,746,207,1912,1976,2600,784,26158,19573
25130,2514,746,207,1912,1976,2600,784,26158,19533
25140,2514,746,207,1912,1976,2600,784,26142,19554
25150,2514,746,207,1912,1976,2600,784,26134,19528
25160,2514,746,207,1912,1976,2600,784,26174,19568
25170,2514,746,207,1912,1976,2600,784,26150,19547
25180,2514,746,207,1912,1976,2600,784,26150,19555
25190,2514,746,207,1912,1976,2600,784,26134,19544
25200,2514,746,207,1912,1976,2600,784,26150,19539
25210,2514,746,207,1912,1976,2600,784,26126,19543
25220,2514,746,207,1912,1976,2600,784,26126,19543
25230,2514,746,207,1912,1976,2600,784,26150,19563
25240,2514,746,207,1912,1976,2600,784,26134,19576
25250,2514,746,207,1912,1976,2600,784,26142,19578
25260,2514,746,207,1912,1976,2600,784,26126,19543
25270,2514,746,207,1912,1976,2600,784,26150,19539
25280,2514,746,207,1912,1976,2600,784,26126,19535
25290,2514,746,207,1912,1976,2600,784,26158,19557
25300,2514,746,207,1912,1976,2600,784,26166,19558
25310,2514,746,207,1912,1976,2600,784,26158,19565
25320,2514,746,207,1912,1976,2600,784,26150,19563
25330,2514,746,207,1912,1975,2600,784,26126,19551
25340,2514,746,207,1912,1975,2600,784,26166,19558
25350,2514,746,207,1912,1976,2600,784,26150,19523
25360,2514,746,207,1912,1976,2600,784,26142,19570
25370,2514,746,207,1912,1976,2600,784,26134,19552
25380,2514,746,207,1912,1976,2600,784,26142,19562
25390,2514,746,207,1912,1976,2600,784,26118,19558
25400,2514,746,207,1912,1975,2600,784,26142,19562
25410,2514,746,207,1912,1976,2600,784,26158,19565
25420,2514,746,207,1912,1976,2600,784,26126,19543
25430,2514,746,207,1912,1975,2600,784,26134,19576
25440,2514,746,207,1912,1976,2600,784,26134,19560
25450,2514,746,207,1912,1975,2600,784,26158,19573
25460,2514,746,207,1912,1976,2600,784,26150,19539
25470,2514,746,207,1912,1976,2600,784,26134,19552
25480,2514,746,207,1912,1975,2600,784,26142,19546
25490,2514,746,207,1912,1975,2600,784,26142,19562
25500,2515,746,207,1912,1976,2600,784,26134,19576
25510,2514,746,207,1912,1975,2600,784,26150,19539
25520,2515,746,207,1912,1975,2600,784,26126,19551
25530,2515,746,207,1912,1975,2600,784,26134,19536
25540,2514,746,207,1912,1975,2600,784,26150,19555
25550,2514,746,207,1912,1975,2600,784,26150,19571
25560,2514,746,207,1912,1975,2600,784,26150,19555
25570,2514,746,207,1913,1975,2600,784,26150,19555
25580,2515,746,207,1912,1975,2600,784,26126,19559
25590,2515,746,207,1912,1975,2600,784,26166,19550
25600,2514,746,207,1912,1975,2600,784,26142,19554
25610,2515,746,207,1912,1975,2600,784,26134,19552
25620,2515,746,207,1912,1975,2600,784,26158,19557
25630,2514,746,207,1912,1975,2600,785,26158,19549
25640,2515,746,207,1912,1975,2600,784,26174,19576
25650,2515,746,207,1912,1975,2600,784,26126,19551
25660,2515,746,207,1912,1975,2600,784,26126,19551
25670,2515,746,207,1912,1975,2600,784,26174,19544
25680,2515,746,207,1912,1975,2600,784,26142,19546
25690,2515,746,207,1912,1975,2600,784,26166,19582
25700,2515,746,207,1912,1975,2600,784,26126,19527
25710,2515,746,207,1912,1975,2600,785,26142,19546
25720,2515,746,207,1912,1975,2600,785,26134,19560
25730,2515,746,207,1912,1975,2600,784,26166,19574
25740,2515,746,207,1913,1975,2600,784,26134,19560
25750,2515,746,207,1913,1975,2600,784,26126,19559
25760,2515,746,207,1913,1975,2600,784,26174,19568
25770,2515,746,207,1912,1975,2600,784,26158,19549
25780,2516,746,207,1912,1975,2600,784,26142,19570
25790,2515,746,207,1912,1975,2600,784,26134,19552
25800,2515,746,207,1913,1975,2600,784,26118,19550
25810,2515,746,207,1912,1975,2600,785,26158,19573
25820,2516,746,207,1913,1975,2600,785,26142,19546
25830,2515,746,207,1912,1975,2600,785,26142,19570
25840,2515,746,207,1912,1975,2600,784,26150,19571
25850,2515,746,207,1912,1975,2600,785,26158,19581
25860,2516,746,207,1912,1975,2600,785,26158,19573
25870,2516,746,207,1913,1975,2600,784,26166,19558
25880,2516,746,207,1912,1975,2600,784,26134,19544
25890,2516,746,207,1913,1975,2600,784,26102,19547
25900,2516,746,207,1912,1975,2600,785,26118,19550
25910,2516,746,207,1912,1975,2600,784,26142,19570
25920,2515,746,207,1912,1975,2600,784,26150,19539
25930,2516,746,207,1912,1975,2600,784,26158,19541
25940,2516,746,207,1912,1975,2600,784,26142,19562
25950,2516,746,207,1912,1975,2600,785,26142,19554
25960,2516,746,207,1912,1975,2600,784,26134,19560
25970,2516,746,207,1912,1975,2600,784,26118,19542
25980,2516,746,207,1912,1975,2600,784,26150,19547
25990,2516,748,207,1912,1976,2602,785,26150,19579
26000,2514,746,207,1911,1973,2598,784,26166,19550
26010,2514,746,207,1911,1971,2597,783,26142,19546
26020,2514,746,207,1911,1969,2596,782,26134,19536
26030,2514,746,207,1911,1967,2596,781,26158,19573
26040,2514,746,207,1911,1967,2596,781,26134,19560
26050,2514,746,207,1912,1966,2596,780,26150,19579
26060,2514,746,207,1911,1966,2595,780,26142,19562
26070,2514,746,207,1911,1966,2595,780,26126,19535
26080,2514,746,207,1911,1966,2595,780,26158,19565
26090,2514,746,207,1911,1966,2595,780,26158,19565
26100,2515,746,207,1911,1965,2595,780,26134,19544
26110,2514,746,207,1911,1965,2596,780,26150,19563
26120,2514,746,207,1911,1965,2595,780,26150,19547
26130,2514,746,207,1911,1965,2595,780,26174,19560
26140,2514,746,207,1911,1966,2595,780,26118,19566
26150,2514,746,207,1911,1965,2595,780,26166,19566
26160,2514,746,207,1911,1965,2595,780,26158,19565
26170,2514,746,207,1911,1966,2595,780,26134,19552
26180,2514,746,207,1911,1966,2596,780,26134,19584
26190,2514,746,207,1911,1965,2595,780,26142,19562
26200,2514,746,207,1911,1965,2596,780,26110,19532
26210,2514,746,207,1911,1966,2595,780,26118,19542
26220,2515,746,207,1911,1965,2595,780,26166,19550
26230,2514,746,207,1911,1966,2595,780,26150,19555
26240,2514,746,207,1911,1966,2595,780,26166,19550
26250,2514,746,207,1911,1966,2595,780,26134,19544
26260,2514,746,207,1911,1966,2596,780,26174,19560
26270,2515,746,207,1911,1966,2595,780,26126,19567
26280,2515,746,207,1911,1966,2596,780,26126,19567
26290,2514,746,207,1911,1966,2596,780,26166,19566
26300,2514,746,207,1911,1966,2595,780,26158,19541
26310,2514,746,207,1911,1966,2596,780,26126,19527
26320,2515,746,207,1911,1966,2596,780,26150,19563
26330,2514,746,207,1911,1966,2596,780,26150,19555
26340,2515,746,207,1911,1966,2596,780,26142,19570
26350,2514,746,207,1911,1966,2596,780,26134,19568
26360,2515,746,207,1911,1966,2596,780,26134,19568
26370,2515,746,207,1911,1966,2596,780,26158,19565
26380,2514,746,207,1911,1966,2596,780,26142,19554
26390,2515,746,207,1911,1966,2596,780,26158,19541
26400,2514,746,207,1911,1966,2595,780,26158,19549
26410,2515,746,207,1911,1966,2596,780,26142,19546
26420,2514,746,207,1911,1966,2596,780,26134,19544
26430,2515,746,207,1911,1966,2596,780,26110,19572
26440,2515,746,207,1911,1966,2596,780,26142,19546
26450,2515,746,207,1911,1966,2596,780,26174,19560
26460,2515,746,207,1911,1966,2596,780,26126,19567
26470,2515,746,207,1911,1966,2596,780,26166,19558
26480,2515,746,207,1911,1966,2596,780,26134,19552
26490,2515,746,207,1911,1966,2596,780,26134,19560
26500,2515,746,207,1911,1966,2596,781,26158,19565
26510,2515,746,207,1910,1966,2596,780,26158,19573
26520,2515,746,207,1911,1966,2596,781,26126,19551
26530,2515,746,207,1911,1966,2596,780,26142,19578
26540,2515,746,207,1910,1966,2596,781,26142,19554
26550,2515,746,207,1911,1966,2596,780,26142,19530
26560,2515,746,207,1910,1966,2596,781,26142,19530
26570,2515,746,207,1910,1966,2597,781,26158,19541
26580,2514,746,207,1909,1966,2596,781,26126,19583
26590,2515,746,207,1909,1966,2596,781,26166,19558
26600,2515,746,207,1909,1967,2597,781,26118,19558
26610,2515,746,207,1909,1966,2596,781,26150,19555
26620,2515,746,207,1909,1966,2596,781,26134,19552
26630,2515,746,207,1909,1966,2597,781,26158,19557
26640,2515,746,207,1909,1967,2597,781,26166,19550
26650,2516,746,207,1909,1966,2597,781,26134,19552
26660,2515,746,207,1908,1966,2596,781,26134,19560
26670,2515,746,207,1909,1966,2596,781,26174,19568
26680,2515,746,207,1909,1967,2596,781,26174,19584
26690,2515,746,207,1909,1967,2597,781,26150,19563
26700,2515,746,207,1909,1967,2596,781,26174,19552
26710,2515,746,207,1909,1967,2597,781,26150,19555
26720,2515,746,207,1909,1967,2596,781,26142,19554
26730,2515,746,207,1909,1967,2596,781,26126,19567
26740,2515,746,207,1909,1967,2596,781,26174,19568
26750,2515,746,207,1909,1968,2596,782,26142,19570
26760,2515,746,207,1909,1968,2596,782,26126,19551
26770,2515,746,207,1909,1968,2597,782,26134,19568
26780,2515,746,207,1909,1970,2597,783,26118,19582
26790,2515,746,207,1909,1970,2597,783,26142,19546
26800,2515,746,207,1909,1970,2597,783,26142,19554
26810,2515,746,207,1909,1970,2597,783,26142,19554
26820,2516,746,207,1909,1970,2597,783,26158,19581
26830,2515,746,207,1909,1970,2598,783,26142,19538
26840,2515,746,207,1909,1969,2597,782,26126,19527
26850,2515,746,207,1909,1969,2597,783,26142,19570
26860,2516,746,207,1909,1970,2598,785,26150,19555
26870,2516,746,207,1909,1972,2598,785,26142,19554
26880,2515,746,207,1909,1971,2597,784,26150,19563
26890,2516,746,207,1909,1972,2598,784,26126,19551
26900,2516,746,207,1909,1975,2600,792,26142,19554
26910,2516,746,207,1909,1978,2605,800,26166,19558
26920,2516,746,207,1909,1973,2604,794,26142,19578
26930,2516,746,207,1909,1969,2601,789,26110,19556
26940,2516,745,207,1909,1967,2599,786,26150,19571
26950,2514,746,207,1909,1966,2599,785,26142,19562
26960,2513,746,207,1910,1967,2600,785,26158,19581
26970,2510,746,207,1910,1971,2601,786,26150,19563
26980,2508,746,207,1910,1973,2601,785,26142,19578
26990,2507,745,207,1910,1974,2601,786,26142,19562
27000,2506,746,207,1910,1975,2601,786,26174,19552
27010,2506,746,207,1910,1975,2601,786,26158,19549
27020,2506,746,207,1910,1976,2601,786,26134,19568
27030,2506,746,207,1910,1976,2601,786,26158,19565
27040,2505,746,207,1910,1976,2601,786,26166,19550
27050,2506,746,207,1910,1976,2601,786,26126,19575
27060,2505,746,207,1910,1976,2601,786,26110,19548
27070,2506,746,207,1910,1976,2601,786,26158,19565
27080,2506,746,207,1910,1976,2601,786,26142,19562
27090,2506,746,207,1910,1976,2602,786,26150,19563
27100,2506,746,207,1910,1976,2602,786,26166,19558
27110,2505,746,207,1910,1976,2601,786,26142,19554
27120,2506,746,207,1910,1976,2601,786,26134,19568
27130,2506,746,207,1910,1976,2601,786,26150,19531
27140,2506,746,207,1910,1976,2601,786,26142,19554
27150,2506,746,207,1910,1976,2601,786,26134,19568
27160,2506,746,207,1910,1976,2601,786,26134,19552
27170,2506,746,207,1910,1976,2601,786,26166,19558
27180,2506,746,207,1910,1976,2601,786,26126,19543
27190,2506,746,207,1910,1976,2602,786,26158,19581
27200,2506,746,207,1910,1976,2601,786,26142,19562
27210,2506,746,207,1910,1976,2601,786,26134,19560
27220,2506,746,207,1910,1976,2601,786,26134,19552
27230,2507,746,207,1910,1976,2601,786,26142,19554
27240,2507,746,207,1910,1976,2601,786,26118,19558
27250,2507,746,207,1910,1976,2601,786,26150,19563
27260,2507,746,207,1910,1976,2601,786,26102,19539
27270,2507,746,207,1910,1976,2601,786,26142,19554
27280,2507,746,207,1910,1976,2601,786,26134,19568
27290,2507,746,207,1911,1976,2601,786,26110,19540
27300,2507,746,207,1910,1976,2601,786,26126,19559
27310,2507,746,207,1911,1976,2601,786,26166,19558
27320,2508,746,207,1911,1976,2601,786,26150,19555
27330,2508,746,207,1911,1976,2601,786,26142,19562
27340,2508,746,207,1911,1976,2601,786,26126,19551
27350,2508,746,207,1910,1976,2601,786,26142,19562
27360,2508,746,207,1910,1976,2601,786,26150,19547
27370,2508,746,207,1911,1976,2601,786,26150,19547
27380,2508,746,207,1910,1976,2601,786,26150,19555
27390,2508,746,207,1911,1975,2601,786,26174,19560
27400,2508,746,207,1910,1976,2601,786,26134,19552
27410,2508,746,207,1911,1975,2601,786,26158,19549
27420,2508,746,207,1910,1975,2601,786,26126,19543
27430,2508,746,207,1911,1976,2601,786,26142,19546
27440,2508,746,207,1911,1976,2601,786,26166,19550
27450,2508,746,207,1911,1976,2601,786,26150,19531
27460,2509,746,207,1910,1975,2601,786,26158,19549
27470,2509,746,207,1911,1975,2601,786,26134,19544
27480,2509,746,207,1911,1975,2601,786,26126,19551
27490,2509,746,207,1911,1975,2601,786,26142,19538
27500,2509,746,207,1911,1975,2601,786,26158,19557
27510,2509,746,207,1911,1975,2600,786,26166,19550
27520,2509,746,207,1910,1975,2601,786,26174,19576
27530,2509,746,207,1911,1975,2601,786,26142,19562
27540,2509,746,207,1911,1975,2601,786,26134,19544
27550,2509,746,207,1911,1975,2600,786,26118,19550
27560,2509,746,207,1911,1975,2601,786,26110,19580
27570,2509,746,207,1911,1975,2600,786,26150,19555
27580,2510,746,207,1911,1975,2600,786,26158,19573
27590,2510,746,207,1910,1975,2600,786,26126,19559
27600,2510,746,207,1911,1975,2600,786,26142,19578
27610,2510,746,207,1911,1975,2600,786,26158,19557
27620,2510,746,207,1911,1975,2600,786,26126,19551
27630,2510,746,207,1911,1975,2600,786,26118,19558
27640,2510,746,207,1911,1975,2600,786,26142,19554
27650,2510,746,207,1911,1975,2600,786,26142,19562
27660,2510,746,207,1911,1975,2600,786,26126,19551
27670,2510,746,207,1911,1975,2600,786,26166,19542
27680,2510,746,207,1911,1975,2600,786,26118,19558
27690,2510,746,207,1911,1975,2600,786,26134,19552
27700,2510,746,207,1911,1975,2600,786,26150,19547
27710,2510,746,207,1911,1975,2600,786,26158,19565
27720,2510,746,207,1911,1975,2600,786,26166,19558
27730,2511,746,207,1911,1975,2600,786,26126,19543
27740,2511,746,207,1911,1975,2600,786,26150,19555
27750,2511,746,207,1911,1975,2600,786,26142,19570
27760,2512,746,207,1911,1975,2600,786,26126,19559
27770,2512,746,207,1911,1975,2600,786,26158,19549
27780,2511,746,207,1911,1975,2600,786,26142,19578
27790,2512,746,207,1911,1975,2600,786,26142,19562
27800,2511,746,207,1911,1975,2600,786,26126,19551
27810,2512,746,207,1911,1974,2600,786,26134,19560
27820,2512,746,207,1911,1975,2600,786,26142,19570
27830,2512,746,207,1911,1974,2600,786,26158,19573
27840,2512,746,207,1911,1974,2600,786,26174,19560
27850,2512,746,207,1911,1975,2600,786,26150,19555
27860,2512,746,207,1911,1974,2600,786,26150,19555
27870,2512,746,207,1911,1974,2600,786,26134,19568
27880,2512,746,207,1911,1974,2600,786,26150,19587
27890,2512,746,207,1911,1974,2600,786,26142,19578
27900,2512,746,207,1911,1974,2600,786,26158,19549
27910,2512,746,207,1911,1974,2599,786,26174,19576
27920,2512,746,207,1911,1974,2600,786,26134,19560
27930,2512,746,207,1911,1974,2600,786,26166,19566
27940,2512,746,207,1911,1974,2600,786,26150,19571
27950,2512,746,207,1911,1974,2600,786,26134,19552
27960,2512,746,207,1911,1974,2599,786,26174,19552
27970,2512,746,207,1911,1974,2600,786,26134,19560
27980,2512,746,207,1911,1974,2599,786,26142,19562
27990,2512,745,207,1910,1974,2599,786,26134,19552
28000,2512,746,207,1911,1974,2600,786,26126,19551
28010,2512,746,207,1911,1974,2600,786,26134,19544
28020,2512,746,207,1911,1974,2599,786,26158,19573
28030,2512,746,207,1911,1974,2599,786,26182,19569
28040,2512,746,207,1911,1974,2599,786,26126,19575
28050,2512,746,207,1911,1974,2599,786,26150,19579
28060,2512,746,207,1911,1974,2600,786,26142,19554
28070,2513,746,207,1911,1974,2599,786,26142,19570
28080,2513,746,207,1911,1974,2599,786,26118,19574
28090,2513,746,207,1911,1974,2599,786,26150,19571
28100,2513,746,207,1911,1974,2599,786,26174,19584
28110,2513,746,207,1911,1974,2599,786,26134,19576
28120,2513,746,207,1911,1974,2599,786,26110,19572
28130,2513,746,207,1911,1974,2599,786,26142,19586
28140,2513,746,207,1911,1974,2599,786,26142,19562
28150,2513,746,207,1911,1974,2599,786,26110,19548
28160,2513,746,207,1911,1974,2599,786,26134,19544
28170,2514,746,207,1911,1974,2599,786,26150,19547
28180,2513,746,207,1911,1974,2599,786,26158,19573
28190,2513,746,207,1911,1974,2599,786,26134,19584
28200,2513,746,207,1911,1974,2599,786,26142,19570
28210,2513,746,207,1911,1974,2599,786,26158,19549
28220,2514,746,207,1911,1974,2599,786,26118,19550
28230,2514,746,207,1911,1974,2599,786,26166,19566
28240,2514,746,207,1911,1974,2599,786,26134,19568
28250,2514,746,207,1911,1974,2599,786,26126,19575
28260,2514,746,207,1911,1974,2599,786,26150,19563
28270,2514,746,207,1911,1974,2599,786,26174,19560
28280,2514,746,207,1911,1974,2599,786,26158,19549
28290,2514,746,207,1911,1974,2599,786,26166,19598
28300,2514,746,207,1911,1973,2599,786,26150,19587
28310,2514,746,207,1911,1973,2599,786,26126,19551
28320,2514,746,207,1911,1973,2599,786,26134,19560
28330,2514,746,207,1911,1973,2599,786,26150,19571
28340,2514,746,207,1911,1973,2599,786,26118,19582
28350,2514,746,207,1911,1973,2599,786,26174,19584
28360,2514,746,207,1911,1973,2599,786,26134,19584
28370,2514,746,207,1911,1973,2599,786,26158,19565
28380,2514,746,207,1911,1974,2599,786,26150,19587
28390,2514,746,207,1911,1973,2599,786,26134,19568
28400,2514,746,207,1911,1973,2599,786,26134,19560
28410,2514,746,207,1911,1973,2599,786,26150,19579
28420,2514,746,207,1911,1973,2599,786,26134,19576
28430,2514,746,207,1911,1973,2599,786,26158,19581
28440,2515,746,207,1911,1973,2599,786,26134,19576
28450,2515,746,207,1911,1973,2599,786,26150,19571
28460,2515,746,207,1911,1973,2599,786,26158,19557
28470,2515,746,207,1911,1973,2599,786,26142,19570
28480,2515,746,207,1911,1973,2599,786,26118,19574
28490,2515,746,207,1911,1973,2599,786,26142,19578
28500,2515,746,207,1911,1973,2599,786,26126,19567
28510,2515,746,207,1911,1973,2599,786,26142,19554
28520,2515,746,207,1911,1973,2599,786,26118,19550
28530,2515,746,207,1911,1973,2599,786,26142,19578
28540,2515,746,207,1911,1973,2598,786,26142,19562
28550,2516,746,207,1911,1973,2598,786,26150,19571
28560,2516,746,207,1911,1973,2599,786,26126,19591
28570,2516,746,207,1911,1973,2598,786,26150,19595
28580,2516,746,207,1911,1973,2598,786,26134,19568
28590,2516,746,207,1911,1973,2598,786,26158,19573
28600,2516,746,207,1911,1973,2599,786,26150,19563
28610,2516,746,207,1911,1973,2599,786,26142,19594
28620,2516,746,207,1911,1973,2599,786,26126,19567
28630,2516,746,207,1912,1973,2598,786,26158,19573
28640,2516,746,207,1911,1973,2598,786,26158,19549
28650,2516,746,207,1911,1973,2598,786,26150,19571
28660,2516,746,207,1911,1973,2598,786,26150,19587
28670,2516,746,207,1911,1973,2599,786,26134,19576
28680,2516,746,207,1911,1973,2598,786,26110,19564
28690,2516,746,207,1911,1973,2598,786,26158,19573
28700,2516,746,207,1911,1973,2598,786,26110,19572
28710,2516,746,207,1911,1973,2598,786,26150,19587
28720,2516,746,207,1911,1973,2599,786,26142,19586
28730,2516,746,207,1911,1973,2598,786,26166,19582
28740,2516,746,207,1911,1973,2598,786,26142,19562
28750,2516,746,207,1911,1973,2598,786,26118,19582
28760,2516,746,207,1911,1973,2598,786,26150,19595
28770,2516,746,207,1911,1973,2598,786,26158,19573
28780,2516,746,207,1911,1973,2598,786,26158,19581
28790,2516,746,207,1911,1973,2598,786,26134,19576
28800,2516,746,207,1911,1973,2598,786,26126,19575
28810,2516,746,207,1911,1973,2598,786,26118,19558
28820,2516,746,207,1911,1973,2598,786,26126,19567
28830,2516,746,207,1911,1972,2598,786,26150,19595
28840,2516,746,207,1912,1972,2598,786,26142,19594
28850,2516,746,207,1911,1972,2598,786,26150,19587
28860,2516,746,207,1911,1972,2598,786,26126,19607
28870,2516,746,207,1911,1972,2598,786,26134,19576
28880,2516,746,207,1911,1972,2598,786,26134,19584
28890,2516,746,207,1911,1972,2598,786,26134,19576
28900,2517,746,207,1911,1972,2598,786,26150,19587
28910,2516,746,207,1911,1972,2598,786,26158,19573
28920,2516,746,207,1912,1972,2598,786,26150,19571
28930,2517,746,207,1911,1972,2598,786,26142,19562
28940,2517,746,207,1911,1972,2598,786,26166,19590
28950,2517,746,207,1912,1972,2598,786,26126,19567
28960,2517,746,207,1911,1972,2598,786,26150,19579
28970,2517,746,207,1911,1972,2598,786,26158,19573
28980,2517,746,207,1911,1972,2598,786,26134,19552
28990,2517,746,207,1911,1972,2598,786,26158,19589
29000,2517,746,207,1911,1972,2598,786,26134,19592
29010,2517,746,207,1911,1972,2598,786,26142,19578
29020,2517,746,207,1912,1972,2598,786,26134,19584
29030,2517,746,207,1912,1972,2598,786,26110,19580
29040,2517,746,207,1911,1972,2598,786,26134,19576
29050,2517,746,207,1911,1972,2598,786,26118,19558
29060,2517,746,207,1911,1972,2598,786,26174,19600
29070,2517,746,207,1911,1972,2598,786,26134,19568
29080,2517,746,207,1912,1972,2598,786,26126,19567
29090,2517,746,207,1912,1972,2598,786,26142,19586
29100,2517,746,207,1911,1972,2598,786,26118,19598
29110,2517,746,207,1912,1972,2598,786,26126,19575
29120,2518,746,207,1912,1972,2598,786,26166,19574
29130,2518,746,207,1912,1972,2598,786,26150,19587
29140,2518,746,207,1911,1972,2598,786,26134,19576
29150,2518,746,207,1912,1972,2598,786,26134,19584
29160,2518,746,207,1911,1972,2598,786,26134,19560
29170,2518,746,207,1912,1972,2598,786,26102,19579
29180,2518,746,207,1912,1972,2598,786,26142,19586
29190,2518,746,207,1912,1972,2598,786,26142,19586
29200,2517,746,207,1912,1972,2598,786,26158,19581
29210,2518,746,207,1911,1972,2598,786,26134,19584
29220,2518,746,207,1912,1972,2598,786,26150,19595
29230,2518,746,207,1912,1972,2598,786,26102,19571
29240,2518,746,207,1912,1972,2598,786,26150,19595
29250,2518,746,207,1912,1972,2598,786,26150,19595
29260,2518,746,207,1912,1971,2598,786,26150,19603
29270,2518,746,207,1912,1972,2598,786,26118,19582
29280,2518,746,207,1912,1972,2598,786,26134,19592
29290,2518,746,207,1912,1972,2598,786,26142,19578
29300,2518,746,207,1912,1972,2598,786,26150,19595
29310,2518,746,207,1912,1971,2598,786,26126,19583
29320,2518,746,207,1912,1972,2598,786,26142,19578
29330,2518,746,207,1912,1971,2598,786,26134,19592
29340,2518,746,207,1912,1971,2598,786,26150,19603
29350,2518,746,207,1912,1971,2598,786,26126,19599
29360,2518,746,207,1912,1971,2598,786,26158,19597
29370,2518,746,207,1912,1971,2598,786,26158,19589
29380,2518,746,207,1912,1971,2598,786,26150,19603
29390,2518,746,207,1911,1971,2598,786,26134,19584
29400,2518,746,207,1911,1971,2598,786,26150,19587
29410,2518,746,207,1912,1971,2598,786,26126,19575
29420,2518,746,207,1912,1971,2598,786,26142,19602
29430,2518,746,207,1912,1971,2598,786,26142,19594
29440,2518,746,207,1912,1971,2598,786,26158,19589
29450,2518,746,207,1912,1971,2598,786,26142,19570
29460,2518,746,207,1912,1971,2598,786,26150,19619
29470,2519,746,207,1912,1971,2598,786,26110,19580
29480,2518,746,207,1911,1971,2598,786,26174,19608
29490,2519,746,207,1912,1971,2598,786,26134,19560
29500,2519,746,207,1911,1971,2598,785,26142,19586
29510,2519,746,207,1912,1971,2598,786,26158,19597
29520,2519,746,207,1911,1971,2598,786,26142,19562
29530,2519,746,207,1912,1971,2598,786,26158,19597
29540,2518,746,207,1912,1971,2597,786,26150,19595
29550,2520,746,207,1912,1971,2598,786,26126,19583
29560,2520,746,207,1911,1971,2598,786,26134,19592
29570,2519,746,207,1911,1971,2598,786,26134,19592
29580,2520,746,207,1912,1971,2598,785,26142,19602
29590,2520,746,207,1912,1971,2598,786,26142,19586
29600,2520,746,207,1912,1971,2598,786,26134,19600
29610,2520,746,207,1911,1971,2598,786,26150,19595
29620,2519,746,207,1912,1971,2598,786,26118,19582
29630,2520,746,207,1912,1971,2598,786,26142,19578
29640,2520,746,207,1912,1971,2597,786,26158,19581
29650,2520,746,207,1911,1971,2598,785,26142,19602
29660,2520,746,207,1912,1971,2598,786,26126,19591
29670,2520,746,207,1911,1971,2598,786,26126,19583
29680,2520,746,207,1912,1971,2597,785,26142,19610
29690,2520,746,207,1912,1970,2598,786,26126,19591
29700,2520,746,207,1911,1971,2598,786,26150,19611
29710,2520,746,207,1912,1971,2598,785,26134,19592
29720,2520,746,207,1912,1971,2597,786,26142,19570
29730,2520,746,207,1911,1971,2598,786,26126,19591
29740,2520,746,207,1912,1971,2598,786,26134,19568
29750,2520,746,207,1912,1970,2597,785,26142,19586
29760,2520,746,207,1912,1970,2598,785,26142,19578
29770,2520,746,207,1912,1970,2597,785,26142,19610
29780,2520,746,207,1912,1970,2598,785,26118,19606
29790,2520,746,207,1912,1970,2598,786,26126,19583
29800,2520,746,207,1912,1971,2598,785,26118,19598
29810,2520,746,207,1911,1971,2597,785,26134,19584
29820,2520,746,207,1912,1971,2597,785,26134,19600
29830,2520,746,207,1912,1970,2597,785,26150,19587
29840,2520,746,207,1912,1970,2598,785,26158,19605
29850,2520,746,207,1912,1970,2598,785,26134,19608
29860,2520,746,207,1912,1970,2598,785,26150,19611
29870,2520,746,207,1912,1970,2597,785,26142,19618
29880,2520,746,207,1912,1970,2598,785,26150,19579
29890,2520,746,207,1912,1970,2598,785,26134,19584
29900,2520,746,207,1911,1970,2598,785,26150,19603
29910,2520,746,207,1911,1970,2598,785,26142,19594
29920,2520,746,207,1912,1970,2598,785,26134,19608
29930,2520,746,207,1911,1970,2598,785,26166,19598
29940,2520,746,207,1911,1970,2598,785,26166,19598
29950,2520,746,207,1912,1970,2598,785,26150,19587
29960,2520,746,207,1912,1970,2597,785,26150,19611
29970,2520,746,207,1912,1970,2598,785,26158,19597
29980,2520,746,207,1911,1970,2598,785,26158,19613
29990,2520,746,207,1911,1970,2598,785,26134,19592
